10
259 258 10
203 126 9741
124 257 3161
207 148 4430
176 258 7289
75 88 4285
226 58 1790
135 25 9302
47 198 6101
151 46 1410
68 20 4369
216 123 652
219 57 8392
11 135 4624
154 202 4965
31 175 4507
251 177 2650
175 135 6109
143 175 8819
252 191 4218
42 257 5790
103 26 2581
137 108 2077
186 119 6939
2 40 2393
168 210 5320
105 63 1070
228 7 9365
180 138 216
9 50 4557
72 229 2787
211 247 4653
1 166 4790
82 222 5530
181 17 7165
189 187 1423
191 8 979
227 165 933
79 155 2235
84 27 1553
166 101 3003
183 140 476
233 60 4980
221 134 7050
187 29 7288
115 94 6576
29 199 7513
5 142 4171
21 192 9845
14 154 3081
161 245 4233
237 71 2861
200 16 889
69 231 6991
72 182 583
136 52 4734
62 55 809
220 198 8416
35 142 9534
101 157 7477
65 128 9400
74 76 5865
144 118 6539
107 161 2946
242 18 5205
41 10 1097
218 193 4779
235 99 8858
42 154 7741
130 228 2152
152 225 4807
132 23 3395
24 242 2544
79 125 7237
253 27 264
232 228 980
48 160 6229
162 65 1418
72 99 1529
42 206 1926
43 27 1841
112 194 2763
192 100 4421
78 259 1063
81 61 8129
179 126 4684
30 55 5097
190 85 8976
255 89 9804
19 50 7728
139 31 8865
70 225 5513
230 126 4236
233 236 6844
95 97 1373
144 162 6463
183 97 5913
245 195 4655
181 246 737
81 228 7001
106 170 2117
127 147 5519
110 107 6366
73 31 7116
77 147 6949
122 51 745
223 171 7843
129 184 1140
133 146 7785
13 102 1727
149 240 6256
49 252 9251
169 142 167
239 16 36
247 145 7634
51 163 1183
56 153 6239
122 241 3175
223 244 1095
69 221 3551
45 69 6534
87 158 6386
221 10 3203
56 251 5229
109 209 3348
51 168 947
73 256 5729
81 196 7545
104 111 819
180 250 2419
17 217 7993
254 125 8846
147 91 2858
146 204 9023
106 234 2669
6 43 2641
234 258 4805
178 150 7983
79 96 6308
244 174 5307
33 185 2451
112 116 9897
98 12 4444
151 52 3276
204 190 896
215 116 6449
28 148 1459
226 235 1975
181 87 3975
249 202 5279
79 233 3160
115 154 2154
136 92 1129
247 120 3680
150 164 3414
131 198 8588
181 223 8335
188 57 675
132 105 8145
57 180 3952
79 223 749
76 154 7934
12 112 8788
131 208 7935
225 117 9457
148 67 9155
178 188 5133
209 26 9304
98 173 6579
218 66 1113
243 30 9982
54 15 9871
79 105 1613
100 115 9096
227 88 4095
51 82 1221
173 129 2388
110 196 1377
37 239 3529
209 111 1477
26 147 5745
83 111 6272
250 31 5449
39 67 6292
179 88 4516
212 33 4685
192 259 8406
131 120 3148
54 68 994
224 167 4253
48 121 6718
256 1 2675
2 168 5917
236 114 4200
68 119 9194
196 227 4440
149 71 2385
228 248 5846
159 88 6574
59 152 3314
68 252 5522
71 198 9759
66 214 1875
3 32 5390
152 66 8085
80 209 9870
83 218 4658
86 156 1017
109 13 9476
160 159 3710
227 235 3962
4 12 4281
107 137 638
227 79 9083
30 224 5691
251 83 8884
71 53 1565
154 26 1340
29 227 6208
97 38 5715
147 255 9855
51 76 8598
70 123 5625
30 54 2812
152 204 4850
205 86 7184
200 172 1897
59 33 4905
201 200 543
205 29 7088
188 209 7798
213 106 6482
82 93 2218
106 29 93
45 95 3382
170 22 4137
68 24 6769
90 54 6326
181 120 9757
243 154 9600
28 197 4029
186 44 7600
88 148 8499
26 238 297
116 132 6028
37 115 8295
51 148 9927
34 3 7260
241 113 1462
52 226 7975
19 99 7052
167 36 2140
169 144 5415
32 33 1114
27 87 1878
141 201 6926
239 128 7523
230 64 61
146 183 4586
299 298 20
76 171 1143
291 195 9106
148 171 8286
118 28 3279
50 278 6646
183 246 4886
252 211 3767
142 267 8487
270 69 9952
203 113 5826
18 112 6194
31 295 1241
157 190 9892
18 34 7890
263 137 1718
83 109 8618
96 216 92
259 133 6846
1 210 1453
281 129 1017
5 60 9619
30 257 4238
279 127 8463
251 87 7742
25 6 2774
276 160 6557
296 192 8169
180 111 6279
192 14 3947
179 79 3554
133 19 1181
27 168 924
273 167 3920
121 253 451
187 180 9336
176 112 5526
88 36 7493
272 235 458
145 276 751
150 45 591
202 288 5488
122 25 6845
80 258 3311
4 270 9183
101 215 9910
283 77 1441
169 159 16
154 236 4529
171 153 8780
237 180 5546
147 90 916
175 233 986
62 181 9908
285 282 2628
133 70 5938
150 33 9931
110 235 9432
255 288 207
178 112 339
196 46 4595
262 17 3687
283 292 7058
159 180 5129
42 127 8288
297 184 2083
125 131 7418
54 260 8413
105 141 2072
133 119 8455
278 47 6506
226 27 5700
140 68 3020
162 264 1009
233 270 4035
239 200 7213
144 281 6739
200 30 1270
223 244 5212
117 123 4837
218 226 3231
173 96 6823
286 87 2273
205 170 4752
116 122 6933
196 278 8381
220 169 7773
282 256 2396
64 12 3282
223 58 6537
145 45 1879
136 72 1252
211 265 8051
152 122 4573
57 58 3019
106 60 8873
99 102 6628
217 103 223
179 217 4441
106 284 7735
44 153 3813
51 164 4059
210 158 5478
90 204 6232
109 82 8271
254 125 5833
218 189 9431
92 230 354
289 41 2393
184 138 4855
251 246 8636
52 53 9099
15 242 5868
235 97 2348
136 32 8634
97 193 1575
41 274 9041
283 206 1187
230 191 6220
155 85 6732
77 185 1468
32 149 4578
170 73 7328
245 276 4621
291 59 2647
214 93 7854
280 44 8054
78 60 7005
57 238 739
250 155 8421
136 204 5380
173 66 7769
253 118 5623
224 130 6736
47 197 6564
274 213 5480
23 10 4225
208 40 2023
80 261 9641
237 139 8148
278 262 6226
201 94 8808
102 207 5982
276 74 2716
287 158 8441
286 208 6829
81 186 8431
234 36 7597
149 191 9278
49 114 9079
68 210 5465
189 139 6908
29 77 2364
13 228 4765
248 298 9946
201 86 1164
44 14 8389
24 266 1590
98 184 9006
205 185 6398
248 14 2488
236 161 8741
151 297 1530
229 287 3663
112 135 8238
84 250 4394
211 102 1938
261 218 9877
179 289 7671
26 292 2362
198 123 2619
163 22 5975
31 3 571
178 142 6329
59 221 3097
47 71 9299
185 156 1403
226 269 8042
177 212 5185
193 237 1529
122 243 1044
232 10 4365
130 190 6871
97 10 4040
173 266 29
9 49 7329
59 227 8114
236 194 5183
271 80 3983
294 97 9479
165 94 6333
91 208 839
109 295 4201
288 39 3564
117 129 7492
125 201 4640
55 209 3245
289 81 3902
164 247 1333
24 87 8818
63 206 5508
89 239 3728
156 219 6503
214 163 5225
104 271 7180
291 94 1369
24 7 4030
135 35 7658
184 166 3325
57 16 9366
263 81 8270
201 265 8171
234 185 2195
188 103 4807
78 202 7827
35 225 7201
221 43 4554
48 248 5037
38 290 6282
241 74 59
115 166 8796
259 61 6504
103 172 5085
202 134 1345
273 11 9061
80 125 9405
95 154 5279
15 239 4017
115 129 7202
213 230 1322
276 155 476
62 56 2236
117 202 4057
86 225 6355
129 94 7980
66 285 3131
58 291 4411
7 42 6180
248 203 4960
175 264 8973
271 108 4521
158 156 7681
273 124 1456
31 198 6278
108 277 9178
174 204 2865
268 254 4448
143 117 4583
114 115 1536
182 77 3273
253 112 5180
52 289 5123
103 249 831
9 93 4627
97 74 7683
248 75 4963
37 205 9460
22 293 2158
215 87 1600
264 200 1766
275 115 9516
61 104 5939
55 92 8445
38 62 5802
299 167 3749
47 213 2938
87 71 7126
228 125 8131
64 151 7346
107 27 7572
32 8 646
20 269 9569
207 242 2970
199 13 7291
132 295 189
164 215 2992
128 97 8087
152 226 5682
146 38 1911
21 256 2136
212 230 8623
49 231 4974
2 41 2475
12 146 5039
104 222 654
294 190 9017
44 126 8754
87 271 2372
81 105 6790
205 59 5264
299 99 3533
87 194 7586
200 120 7909
100 120 2997
54 241 2594
240 112 1832
153 236 2256
67 16 3550
65 186 9110
295 294 30
275 4 7558
84 120 5633
249 155 2208
102 261 2329
119 97 5460
214 177 7664
211 260 371
100 22 9701
176 217 2223
177 107 858
295 22 2819
192 45 53
86 90 7492
74 229 7905
283 91 2019
5 232 7545
195 190 6197
71 21 3719
246 171 9837
20 167 3004
49 196 5450
185 40 2023
215 196 5253
280 98 2761
115 229 3660
270 189 4952
10 243 4027
288 114 12
241 136 76
81 224 3523
119 210 9025
185 203 5362
29 147 8187
15 185 9407
87 126 9092
159 71 5021
244 85 9241
253 208 8743
235 210 1004
258 139 2777
208 150 1281
25 169 499
158 122 5718
32 281 8396
113 212 5571
48 236 472
283 157 6584
31 75 9350
254 132 8147
268 221 2571
152 283 416
70 138 2841
141 205 673
223 182 8262
289 104 5894
118 192 5962
227 210 9532
273 196 6269
261 233 1501
59 206 7551
146 101 1840
175 225 6956
33 227 708
14 95 7054
101 77 4078
147 271 4380
62 127 1022
156 60 4885
83 199 7127
265 180 6999
267 155 660
269 55 6648
4 140 8628
103 120 819
108 1 9371
154 3 8455
130 151 6649
17 57 5029
48 193 6644
294 286 7661
276 18 8020
106 206 7810
77 43 6228
140 176 4564
273 60 2022
121 205 717
221 158 2034
26 93 2632
202 260 9641
194 28 725
197 221 8623
78 36 4736
221 278 9110
182 41 4954
83 80 8683
205 247 3051
255 107 5547
290 128 4118
181 200 2103
44 110 7536
6 52 5626
257 92 766
118 216 9148
28 288 5668
253 63 7182
182 57 3561
293 219 2016
170 277 8216
188 88 5558
76 145 4861
171 61 1619
172 222 3481
168 146 2134
200 152 2721
105 205 665
237 165 253
28 290 8602
111 206 2110
129 144 8976
117 50 5881
132 32 387
263 76 5193
289 39 1420
240 62 2721
229 50 2453
188 30 9263
167 204 1142
162 167 5609
134 44 1105
197 169 5104
179 53 6793
219 270 5582
166 231 7358
262 202 5292
94 17 8763
124 196 8807
219 208 7007
157 260 6392
58 108 1249
6 245 302
80 27 5069
221 199 5075
61 58 3371
148 144 6696
180 135 9019
173 3 8843
239 200 4890
76 160 8832
48 232 320
170 259 1355
199 86 8202
10 92 9712
208 178 678
43 183 4015
268 224 3243
37 256 2483
71 287 8856
13 104 5230
12 266 8110
204 242 7886
4 138 467
207 142 476
291 282 7920
144 131 5315
263 98 2068
155 260 3322
213 62 6658
287 60 7630
53 228 2129
294 1 476
290 131 3303
47 201 4204
180 7 8738
9 51 8792
133 101 7632
123 185 5625
32 147 6700
8 235 5298
63 292 86
98 69 8446
115 132 1560
140 86 4382
227 66 6480
136 79 5881
209 67 6526
223 89 781
204 46 7143
132 35 9612
252 237 7739
125 206 5378
230 54 3641
205 6 1133
172 85 594
196 65 2153
273 27 8773
228 108 1741
195 104 463
14 139 6976
64 131 5719
181 164 3705
199 193 792
248 95 5410
50 112 6734
145 2 3283
181 234 6070
35 148 9210
150 87 1332
40 272 6268
149 43 5171
266 160 2342
284 51 6785
279 290 5623
53 238 3355
38 237 339
120 173 5152
93 42 6001
264 115 7744
151 109 6148
175 69 2537
32 191 1394
56 10 4559
233 1 6222
31 64 4335
96 234 2362
55 154 6945
219 31 5262
190 68 9208
224 19 9342
170 36 3789
159 88 7924
51 161 1769
165 76 4186
276 131 8988
113 282 3181
154 187 5020
257 225 2520
109 165 2497
295 59 9346
135 128 4645
218 2 9230
24 184 9149
131 175 3292
143 36 1422
127 186 1794
255 284 8792
245 208 4233
294 142 2325
118 204 9164
69 226 8163
197 198 5809
195 144 5697
170 291 6538
34 174 3357
2 234 121
107 245 4456
250 44 3090
231 146 5524
23 212 4625
213 11 9980
86 151 4787
148 99 6186
37 78 293
16 264 4448
174 178 9283
233 152 9536
83 240 2902
225 73 2071
78 26 5517
201 208 1247
85 162 7464
208 54 7533
107 291 1746
269 116 9264
59 147 8184
95 267 5794
200 285 1200
209 242 6588
137 46 3512
228 269 3704
141 220 4936
59 274 7682
205 77 3328
153 41 2375
173 41 9626
11 82 4148
72 219 4428
123 262 3120
71 44 4097
79 206 2861
135 163 3886
227 222 2659
67 294 6665
184 79 5264
251 278 2306
257 256 40
243 232 9667
134 78 3918
109 2 7033
61 181 1395
175 77 5569
256 128 660
64 198 3762
250 25 9748
253 84 7439
76 254 5871
190 160 1886
97 106 5935
5 115 3203
165 172 4196
196 227 9168
208 206 1800
95 25 7636
66 137 3425
228 215 3161
167 34 3379
63 221 5982
79 51 5177
10 175 9639
33 184 9459
135 193 1785
240 185 6409
184 103 891
157 194 6914
146 167 7573
53 147 2183
189 31 6280
122 96 7386
80 17 2477
180 79 4010
161 183 4823
252 198 1608
145 7 2759
11 248 1683
132 188 1090
120 130 7471
244 203 621
103 72 3801
224 233 4043
100 169 9624
201 80 8119
238 234 441
247 40 5460
237 22 8159
9 207 8473
92 48 1533
104 251 8037
125 236 6734
180 71 8247
163 221 5332
201 237 4500
135 210 8896
62 171 5937
249 231 6395
166 181 5781
37 166 4086
164 28 9056
35 185 9957
208 257 4742
119 242 780
198 26 3477
86 32 2168
215 155 2663
62 14 3616
131 175 5152
86 239 4743
111 170 185
104 87 1283
83 13 6837
74 100 1409
233 140 8528
112 130 7530
194 90 7973
117 88 9579
60 48 4113
207 173 6009
101 113 6530
193 57 4106
48 200 583
6 130 1705
247 99 5695
65 124 8984
67 220 7349
229 119 6914
246 162 737
66 204 6158
185 138 5134
192 187 991
127 161 1103
139 242 3844
149 53 1636
205 146 4084
13 108 6178
111 1 8236
5 172 7825
68 43 8293
231 214 3026
94 177 5659
227 118 8724
38 63 6977
148 104 2444
41 82 966
156 204 4060
82 60 3181
204 89 5268
73 194 1015
92 159 9367
141 200 7828
145 66 6794
219 241 2136
175 201 3459
242 91 8918
189 127 7607
20 219 6347
46 252 6442
187 47 7543
111 65 7860
180 116 5732
193 231 7877
194 85 3340
154 87 9208
223 154 7725
57 29 4047
227 136 3943
140 114 1592
242 4 6321
105 74 82
142 108 9958
2 118 7356
149 246 4916
23 159 9430
127 242 1248
87 252 6710
177 27 9308
180 256 1055
54 43 9793
121 3 2309
143 12 7777
129 138 4044
24 116 5495
176 149 905
142 239 3180
158 162 8697
247 114 7645
254 125 1792
9 233 4364
245 220 580
215 160 4604
18 176 9265
222 125 5053
170 257 1196
230 70 1529
93 62 2174
138 175 7969
150 135 4401
55 230 6566
212 113 5890
136 117 3712
201 58 3210
126 85 3297
124 75 3663
160 200 155
255 119 4340
83 180 9456
55 113 9564
54 98 8125
254 209 4856
98 247 6560
126 130 1227
25 52 7094
134 157 920
235 170 6162
197 225 5530
218 121 6775
56 151 2076
21 81 8543
117 133 8114
36 188 5863
122 226 8070
45 225 6166
8 191 3878
97 10 2459
148 202 4513
121 84 4906
223 179 2221
28 245 2310
205 118 472
50 23 4849
19 225 7959
174 58 1417
230 86 7775
102 100 1877
187 182 7706
188 155 4814
246 59 3106
231 151 8178
63 246 8107
121 113 9538
207 225 5969
125 211 4518
8 223 7121
18 42 8340
69 6 6923
246 234 6422
168 60 1722
30 182 2455
39 71 5903
252 152 4623
56 16 6790
139 231 2285
118 181 6264
156 257 2360
174 177 6798
215 103 1875
8 186 3191
44 110 4593
70 49 1725
105 187 1822
123 86 3800
201 140 2453
74 178 2371
126 117 447
226 114 3744
177 219 8053
11 122 4627
209 15 7005
124 5 149
143 98 2883
99 107 8066
223 42 9087
5 217 4900
44 234 6449
149 70 2413
144 246 6721
5 244 14
107 25 7444
49 160 5473
144 244 121
26 213 4843
14 160 7313
243 118 128
100 199 7703
194 216 8049
153 21 6155
234 81 1652
43 4 5470
67 254 2029
73 195 8854
100 5 8115
195 124 4053
67 105 2937
241 100 7858
263 262 50
134 177 1885
22 163 4844
232 130 6678
112 261 6289
209 48 5611
7 258 4981
74 223 3001
56 20 1067
76 245 6552
238 123 7719
6 63 5534
132 44 4265
206 153 7821
85 145 4279
83 207 2828
27 95 4010
234 39 7310
215 192 1584
104 173 3380
130 194 3784
56 90 278
66 68 8991
260 132 9406
246 95 6257
250 259 1888
248 134 385
146 174 6050
66 167 1928
135 191 4771
206 214 3427
120 192 3904
188 90 6459
124 13 9083
45 155 1882
197 176 7486
147 86 2429
153 29 616
131 182 6735
151 183 5998
92 61 4634
170 244 5418
144 201 2846
252 164 4718
71 70 3882
87 11 1279
53 124 7077
142 195 9798
59 202 889
119 213 3726
28 200 7996
231 149 1783
212 42 7479
101 225 4856
193 172 2365
136 196 9682
73 223 1252
125 96 7087
102 98 1639
236 24 9568
220 133 2604
110 30 7245
111 31 1002
139 181 1787
196 124 4000
50 71 8085
95 129 680
256 110 759
263 176 4363
211 228 3841
94 124 7029
75 205 4537
2 188 9931
4 103 7977
199 12 2642
41 98 9103
168 172 460
166 184 48
99 257 1233
193 156 7150
149 53 7393
231 24 5369
69 53 2747
208 89 6306
251 135 5092
189 223 3691
245 234 2972
247 62 1123
5 154 3406
227 46 2399
228 221 6271
144 33 6442
21 219 4863
121 179 1401
204 52 4368
171 136 488
32 167 120
142 24 2236
206 47 9756
115 140 2982
215 138 9078
97 193 6666
62 150 6635
98 200 3881
97 244 369
244 221 1532
216 134 6129
143 53 423
136 157 3536
243 36 6145
16 171 5770
35 100 9157
255 60 7379
213 69 1094
79 233 5326
140 215 8825
147 247 2343
180 73 2161
5 233 6815
211 257 6620
122 171 6031
106 144 9845
55 1 2714
100 138 8504
84 207 1651
240 107 4943
229 225 3963
105 119 2949
250 10 2011
143 40 7915
3 244 4799
262 158 5708
58 163 9987
49 181 8616
165 254 1242
148 214 7384
174 75 881
220 25 5152
77 18 9607
125 101 8052
33 107 2704
164 254 2921
193 126 7357
235 113 3794
109 67 2081
156 250 7262
110 235 76
26 168 6844
114 186 980
60 88 4026
116 164 667
201 52 702
65 126 1294
97 158 9869
93 175 4651
82 92 2241
123 217 2833
260 79 4090
147 239 8425
208 140 4868
163 77 9687
208 19 5228
15 83 8082
244 91 3767
148 8 2334
152 178 2360
193 242 6701
118 224 148
169 25 5080
126 163 4292
184 78 1346
145 78 2219
254 216 3800
119 14 8605
128 255 1966
198 117 4624
72 152 2937
160 245 2109
43 215 5314
149 161 202
34 158 3783
128 260 1630
246 224 2721
8 179 9750
210 161 7105
229 36 2336
184 2 3941
87 178 971
121 188 4676
54 18 6711
162 175 4354
103 216 835
114 226 7246
81 203 7776
112 123 793
212 92 2505
254 253 3975
55 255 852
73 114 87
251 57 7673
234 212 6758
251 112 1133
91 130 7373
130 15 6555
96 31 9996
100 17 8445
64 233 473
199 193 8705
37 183 2989
113 224 1724
165 102 1024
243 131 954
148 224 1965
185 47 9746
215 134 5151
226 38 7303
108 33 2397
63 72 8346
43 213 6372
175 80 6769
234 88 8909
175 83 3108
18 67 4337
58 181 1088
187 103 8939
244 225 7999
43 218 3050
127 71 4006
201 103 502
253 32 2561
9 99 722
80 23 8922
156 190 2334
126 258 9250
145 59 5078
9 123 3729
213 137 7447
233 70 1604
255 241 237
92 181 880
82 152 2255
159 105 1608
209 172 5498
249 97 8174
45 190 7455
51 204 5736
130 173 1481
108 230 7004
117 54 628
78 219 6981
111 62 1381
203 25 2453
141 164 7128
176 114 834
52 175 1572
81 80 3734
219 149 7662
227 51 6330
114 75 406
224 222 2416
200 151 2124
15 237 8059
114 63 1891
287 286 60
81 29 154
15 113 1670
31 134 4422
189 93 4309
129 249 824
200 176 2219
190 22 3808
30 124 7499
277 13 3553
277 161 5382
196 7 4575
245 174 7061
241 153 2282
268 16 1380
191 238 4478
222 186 6679
37 96 375
34 229 115
250 97 5639
199 283 1992
21 217 4290
22 276 6298
194 112 527
232 107 9158
182 87 5040
241 139 8349
138 150 4493
167 208 4084
285 198 9260
145 68 1535
250 121 694
235 38 5091
281 110 2010
3 211 6745
233 145 4067
146 50 8309
85 188 1794
37 238 8912
90 264 431
38 272 2283
142 91 617
55 287 7082
203 271 6864
216 71 5457
201 275 9469
186 255 2825
209 70 535
5 90 6832
1 197 2084
198 246 9123
230 141 2004
225 266 3252
228 36 7018
265 228 4375
92 278 4749
109 168 4759
16 174 5389
241 125 5862
82 20 7348
125 59 8516
205 277 5833
144 75 6645
43 65 7300
260 186 6320
234 67 9661
244 18 8833
80 94 8603
246 70 2141
81 215 8605
88 42 6598
54 214 1712
247 242 9134
2 86 1255
116 160 1537
17 208 3879
122 53 111
271 154 8455
17 148 4071
236 134 7885
46 192 1178
9 259 6842
157 238 6865
201 173 5249
45 241 9733
242 127 7380
27 286 3583
237 258 4580
240 117 7426
131 101 6338
145 115 1166
261 253 1258
193 77 7998
110 115 6620
11 130 3409
70 254 7157
30 156 1499
89 48 9334
242 200 4188
171 147 9909
224 106 6909
145 250 1379
11 175 6471
192 198 4795
275 174 5497
274 150 6067
193 145 4352
218 271 6048
115 103 5534
197 129 9090
20 138 1735
137 60 9123
132 58 9782
181 1 7416
180 67 595
67 14 7142
160 213 6300
95 149 7773
128 175 2068
283 280 4760
227 156 193
161 179 965
259 90 7785
179 264 1286
206 74 2533
55 77 7965
126 164 886
261 254 9379
282 22 7242
182 149 3810
135 207 4145
149 62 3742
16 210 4504
248 239 6159
152 273 9448
69 266 658
196 128 5621
66 253 4665
256 178 7684
51 178 7996
72 147 1472
20 221 3593
256 207 7783
123 263 2178
67 284 4404
197 75 298
34 161 9494
137 267 8073
155 171 9305
91 209 3756
47 216 6586
172 241 9368
231 134 2583
74 117 7921
140 252 7402
257 227 4082
3 183 1272
168 137 3646
154 27 6813
155 262 8645
202 101 5718
266 98 3854
56 247 7831
4 62 3669
88 223 6950
200 79 3032
107 183 9006
168 61 516
151 262 8379
220 265 3601
158 19 4082
138 280 1413
4 98 2155
223 71 2089
206 26 2713
282 163 7472
183 177 5224
182 129 9879
50 73 4978
15 201 3040
8 212 6002
240 33 8171
184 202 5999
118 211 5996
103 106 338
143 178 5327
108 119 1688
118 24 8480
159 278 7074
145 155 4178
84 64 8871
241 10 7629
147 3 4417
165 160 8292
86 248 9262
2 116 1651
231 156 9185
187 28 8995
278 164 5748
94 123 9209
63 226 5659
243 248 5817
114 269 4347
49 237 4295
83 251 5021
105 273 432
190 104 1802
132 66 2160
207 6 7589
283 148 7715
131 12 8030
269 105 7088
57 107 7095
272 194 5069
136 107 1497
32 70 3573
264 119 2119
251 84 2375
242 23 3086
271 78 60
170 150 2020
33 141 1419
159 72 4427
80 65 4685
123 25 9607
241 93 8989
94 39 8720
157 228 4698
63 264 3838
214 103 8743
166 271 4599
225 244 1615
67 111 8456
158 223 4351
255 28 1186
165 44 7002
242 140 8440
2 157 8676
221 99 5459
215 253 5889
184 145 1823
194 180 3757
175 200 7469
251 282 2994
166 136 6522
169 2 3840
138 267 7606
120 131 4194
133 78 2221
35 185 6604
252 168 4775
266 71 6360
76 179 2587
73 65 7501
76 195 464
141 95 5046
64 52 5790
21 151 8343
279 278 1165
76 261 9792
251 201 4984
278 255 4419
270 158 1764
155 219 8310
256 48 3362
163 122 4119
226 169 2253
258 40 9252
172 83 1792
121 204 3153
102 218 7870
156 85 2670
93 212 1107
54 162 4213
185 252 3696
109 41 4569
267 284 7737
8 78 2380
262 116 2568
273 115 375
63 100 2421
254 256 5956
111 279 4286
197 273 80
69 94 5456
119 85 4354
131 258 2486
293 292 70
150 24 3855
149 54 6581
266 9 7292
291 3 340
189 266 6498
93 41 4073
135 143 3778
43 140 8156
82 51 7644
73 7 2218
91 196 4386
234 67 8800
286 190 7274
216 220 4799
281 196 2095
280 278 633
25 225 4277
186 50 8641
72 228 3347
210 14 8872
165 210 5704
113 153 5485
19 228 1063
217 183 9141
95 153 4150
42 156 9939
120 13 9311
270 103 2324
101 88 1467
204 177 1770
235 245 1691
226 78 547
136 241 128
114 157 2212
129 242 3873
121 264 2305
84 23 1900
169 152 1561
128 271 331
248 141 4828
150 263 7329
290 26 427
220 95 5927
108 31 5504
277 37 5556
61 243 7677
93 241 8379
60 166 3035
106 223 8111
74 263 3701
146 74 3869
170 17 7846
97 190 2341
1 226 4790
169 106 2975
183 44 4326
263 163 3057
258 221 2779
252 121 5069
36 115 1973
215 126 6381
193 30 8337
16 134 4918
105 210 2721
229 22 9419
254 87 8045
167 121 7619
155 46 5467
269 247 5316
198 156 332
166 202 4075
113 6 6389
7 231 5253
16 157 3921
179 218 3800
122 228 3284
125 221 760
36 271 6309
186 75 8077
265 139 8619
155 244 8208
8 107 5370
53 96 9683
77 192 2197
186 94 4569
11 168 5050
147 237 3188
7 237 3107
38 94 5235
235 68 6205
184 78 9336
12 132 6087
223 224 8325
162 202 2157
250 173 815
291 144 1004
130 242 6608
130 18 9031
289 229 6869
261 270 9200
56 273 9161
30 247 892
234 168 6054
174 197 8262
235 134 8044
232 26 7578
134 89 2162
118 287 5019
149 207 1994
137 160 9044
96 48 6805
160 108 6405
201 158 8612
142 231 5023
197 292 5055
207 130 869
257 117 312
89 151 5207
130 200 2984
211 261 6197
77 32 415
5 133 7916
160 259 7115
233 147 611
181 69 7058
79 138 989
261 222 6139
181 276 6305
46 250 9834
81 270 2377
4 170 8596
165 280 2738
32 284 3119
155 194 4176
167 246 1998
203 111 3130
182 235 1452
256 158 7690
275 8 5719
116 49 9815
123 86 5585
229 257 2052
219 272 6599
138 279 3837
131 56 4868
249 257 5017
89 159 7011
154 276 2663
85 175 29
116 289 1572
291 186 9887
171 145 677
40 214 414
98 262 3310
227 179 840
117 244 1564
175 130 1791
42 88 9717
180 98 5322
119 63 7049
116 268 5714
9 130 6021
52 174 6115
66 90 9950
165 47 7428
137 231 7777
109 230 2109
40 111 9959
167 28 9624
191 39 7492
160 218 6242
188 88 2063
90 154 4793
243 171 4674
147 208 4572
4 185 890
55 242 9243
76 169 7536
180 34 1055
71 228 650
20 182 7176
176 159 9437
214 243 8527
251 98 1439
10 199 7341
176 239 1805
153 274 19
167 277 8855
142 98 5536
284 293 6241
256 239 4559
203 225 9695
218 260 3748
28 223 69
61 102 2036
221 94 3589
281 217 5227
93 99 6076
241 84 4228
64 259 5736
80 130 478
26 219 3822
11 98 9344
195 175 5858
238 26 104
21 201 4270
191 21 7846
57 165 7673
124 268 1261
206 271 6819
144 124 2566
55 143 9322
220 253 5690
42 208 8864
256 90 609
166 178 7021
184 206 6398
33 187 7239
292 20 6347
164 285 7707
214 110 8728
119 132 6379
120 127 4331
190 247 2328
154 281 6798
10 220 876
58 205 1907
219 117 3950
208 282 3769
187 76 4635
214 138 3719
236 206 1187
171 284 6909
199 140 7812
4 279 7808
84 243 9510
165 164 9787
288 172 1793
213 282 1781
240 252 2829
162 78 1397
215 21 103
222 148 4589
85 70 7551
269 104 8055
92 233 2447
287 35 9548
123 256 3314
100 279 2590
15 285 3032
262 287 3626
199 146 256
256 177 7222
87 139 512
164 65 5362
259 140 6884
242 124 9589
209 255 4026
289 21 9181
230 5 3484
2 154 131
261 185 368
273 212 2442
212 267 4683
251 161 3132
83 162 494
96 159 3748
218 9 4220
62 119 9893
109 287 4678
261 89 7063
20 139 4602
182 132 4583
45 252 6357
292 255 2126
236 239 2395
228 217 8452
275 283 698
285 219 8311
267 160 4115
249 58 5702
75 29 4013
107 165 2060
51 173 4889
87 248 1843
254 247 6748
170 127 7365
27 112 8869
59 242 6803
197 277 2403
288 237 8107
267 112 8966
300 299 80
116 231 3912
201 42 8496
231 121 2739
55 94 6227
299 65 8209
210 185 7014
87 57 7833
143 36 5531
243 269 2253
147 157 8203
244 68 7955
225 24 7551
139 170 519
164 255 4895
269 199 3976
130 7 6490
119 138 1553
167 112 6818
119 59 7469
192 222 5424
217 239 4673
95 190 7644
91 174 1847
79 92 8663
138 166 2114
233 99 2026
46 204 910
188 25 6863
282 114 4418
272 270 7605
106 287 3419
176 86 1651
161 16 316
108 70 8297
277 54 6044
83 262 3721
97 88 1335
114 207 294
120 155 6347
31 124 913
137 252 9404
234 76 2691
196 230 2324
152 175 2163
270 33 5009
288 163 5764
282 298 7330
93 71 2089
66 158 9583
102 228 4124
72 224 460
298 280 2943
141 291 5176
211 203 8215
109 99 2367
285 128 4876
136 62 1227
101 55 7132
128 93 4311
110 149 2257
225 106 8583
281 244 1774
215 46 7225
31 279 1222
285 123 3059
168 15 2925
214 266 8653
121 247 4465
118 39 272
138 1 9458
105 160 2213
238 205 6864
52 201 6815
130 6 9899
284 44 7394
188 127 2227
285 260 5578
85 153 4969
223 170 904
214 227 3326
194 75 7938
279 142 9453
196 90 1878
64 186 5167
171 137 298
19 190 609
174 254 4066
22 250 1227
261 296 9986
45 268 8662
125 92 7576
184 48 7895
209 278 3494
106 278 9613
265 154 4530
293 193 6619
150 205 753
273 297 1325
236 33 3514
289 34 3782
268 101 9766
209 28 5181
266 276 6794
139 13 3586
181 129 7145
219 200 2162
9 182 8598
158 182 8524
238 267 8930
183 234 520
292 142 2446
186 211 7173
273 277 2046
184 151 3139
197 181 5893
100 242 6052
18 137 990
27 189 9090
20 239 7992
137 213 2722
197 212 3496
242 37 5298
11 238 984
237 228 7721
248 262 5929
187 168 4029
218 232 8126
257 300 9463
290 3 6344
82 254 3018
191 16 5468
132 243 7791
50 90 6794
272 35 4213
142 115 3688
240 46 7929
233 241 6660
180 248 9295
226 213 4498
216 16 1183
103 17 2656
234 156 3927
173 220 8207
153 211 4257
266 238 6276
55 134 7968
296 29 6009
296 12 8622
216 244 6138
96 78 8663
52 140 7147
244 249 128
22 158 5933
39 144 8876
187 275 3895
84 201 2407
134 259 8048
101 146 3048
32 251 4016
8 172 2258
198 280 6840
14 110 5563
58 85 6359
136 219 7292
157 294 276
211 237 4235
159 232 1335
202 144 1088
121 237 343
194 280 2285
251 253 3144
291 235 8534
179 243 2154
35 245 3594
102 53 9676
38 193 9074
133 229 2374
212 112 839
262 236 1754
108 188 2407
19 123 1675
4 288 5687
246 257 5699
117 168 976
160 283 6790
145 261 2654
183 228 3150
192 220 2689
288 192 2565
294 96 4533
99 103 1878
214 73 7821
135 283 8291
187 258 3316
104 43 7551
111 118 5166
50 127 6098
289 284 3387
78 288 8616
294 274 8393
69 235 9011
244 256 4151
291 98 605
13 206 7281
21 257 1506
261 133 2390
106 240 4231
296 47 9029
99 135 4955
300 67 8240
285 126 4397
197 297 2374
201 211 5531
218 139 488
206 129 6362
200 237 8295
293 46 6001
115 138 8246
295 278 3068
97 226 4075
92 177 425
134 72 7269
112 51 1696
2 254 3128
200 171 6416
10 154 607
1 162 8420
125 142 7039
96 262 3708
133 61 9969
77 235 6855
81 136 1094
206 93 9025
125 242 1835
97 87 5701
60 185 4355
40 180 9124
148 23 3770
20 107 4488
298 5 1053
143 126 289
122 209 7028
162 261 7237
235 258 8506
175 298 287
120 280 808
256 27 5346
290 156 9594
169 265 625
202 244 1003
9 98 7340
102 80 4880
132 44 4705
275 103 4788
128 63 9765
144 168 9877
107 271 6072
195 3 9496
1 176 2672
31 89 4800
14 277 9822
82 214 4710
172 129 512
246 251 3760
271 259 7893
165 196 2884
185 178 4490
299 40 8735
125 248 8525
117 142 2437
104 126 7719
168 113 6769
151 30 9586
294 171 2848
145 239 766
17 264 3995
159 49 3872
164 89 3789
151 259 684
280 131 4758
26 269 8917
189 181 2972
21 106 4422
237 6 702
41 173 9054
148 177 8854
74 181 7478
34 195 8095
209 213 8765
3 263 3971
131 74 8953
154 194 9820
162 208 3859
90 229 6379
56 160 5188
262 178 6681
254 221 742
254 286 5072
257 227 2754
268 267 90
156 83 7061
49 233 362
128 64 2107
204 225 2409
73 178 9005
148 100 3438
67 188 9622
199 129 1002
82 192 9347
82 143 8296
121 10 6808
88 180 4881
153 48 8258
208 98 5714
208 102 3399
156 13 8111
162 196 831
217 22 9063
249 69 6951
109 20 5278
178 79 8593
250 1 2030
74 205 7757
239 153 6920
190 119 7290
133 264 1149
24 159 4159
122 9 3934
208 77 3198
111 59 8665
222 18 2733
128 187 8219
158 55 4883
266 116 5511
230 10 515
219 155 723
140 138 3600
2 91 5441
198 68 8587
175 62 2079
238 242 5758
96 69 7059
192 193 6807
99 71 1558
108 113 1081
228 118 268
157 229 3247
207 63 5049
181 164 2656
244 21 7315
231 3 4465
187 36 5802
97 177 1029
80 130 2673
228 19 8476
38 161 2862
155 263 153
169 126 4356
218 8 1269
193 61 4013
266 132 4672
263 32 4458
213 106 6564
31 123 4311
39 241 9965
211 121 7075
3 200 3150
242 41 2702
147 19 6270
189 18 5748
94 51 5457
120 217 8232
110 106 2277
194 265 4427
210 185 635
111 200 698
2 215 7460
27 216 615
209 199 1625
23 196 4242
235 114 7885
113 84 7314
188 58 5256
255 102 1693
212 28 239
15 245 5728
85 151 5931
123 219 6015
153 86 6357
14 199 1280
50 146 8494
203 28 7212
256 1 1455
89 102 8159
169 187 3446
19 197 3787
266 139 118
236 166 157
34 101 3937
70 163 6355
240 184 4714
147 207 3579
247 50 2467
117 119 2903
95 245 1480
259 53 3102
183 60 8894
217 76 6902
72 222 7815
194 12 4834
14 93 5380
138 112 8834
123 165 2843
223 113 568
167 252 4209
54 253 5640
7 170 9088
90 134 8296
204 257 6401
232 79 6491
133 106 210
267 30 3656
167 49 4768
21 248 3075
56 206 4481
29 226 7184
161 215 6661
119 105 7472
8 183 6002
78 112 7366
81 257 7016
255 266 6450
182 183 5665
4 205 5762
146 255 2545
191 53 5634
204 187 3630
8 180 9728
154 268 1314
181 24 7196
163 16 6748
240 125 3382
33 105 3367
219 104 1851
149 94 2400
34 221 9858
90 93 6329
180 108 9166
188 247 6488
234 3 3433
117 163 4580
229 44 7632
91 246 1363
101 211 2956
144 27 7264
5 179 2019
44 261 4996
31 154 3010
257 54 3975
135 216 1592
175 136 5276
170 266 4118
40 167 7941
203 112 3084
134 42 5049
136 185 4100
41 126 5321
183 137 2135
232 133 6980
119 37 236
258 53 84
43 141 2147
145 239 6436
29 127 2452
151 125 601
97 25 3590
259 108 1884
96 163 8509
172 45 1776
244 3 9592
93 17 7581
173 234 3760
152 26 7852
46 120 5916
158 142 9467
133 108 5594
157 197 1680
106 18 2059
167 196 6593
39 183 5864
103 33 2227
3 236 9024
216 150 2134
220 145 4841
125 93 8953
127 100 1980
152 251 6643
212 174 4550
224 179 3822
205 257 1839
55 243 1561
125 87 3973
93 239 8248
262 92 1943
210 195 4299
117 66 8958
114 195 1018
262 45 1449
192 236 7182
226 160 571
199 96 7353
168 251 1698
179 260 1701
47 235 9317
145 57 3786
52 235 5668
266 31 3787
75 164 5770
170 237 4942
97 255 3011
23 149 7770
51 107 365
239 7 1840
259 171 6140
34 176 3632
193 76 9336
182 187 4584
194 227 3564
251 197 9746
144 151 9016
251 11 8123
11 138 2444
8 186 760
206 3 6358
68 254 8552
202 237 6325
24 138 9422
57 176 7647
6 204 1559
206 125 5832
15 219 5554
218 99 8045
198 257 8057
218 214 2146
106 5 8473
137 109 6021
30 237 3028
42 137 5590
115 4 2206
174 252 5207
158 122 6252
111 130 6057
256 56 9632
211 35 4981
146 194 2316
142 65 5814
192 141 6531
124 13 7762
244 29 6900
168 109 8271
262 240 3925
131 195 4008
201 256 4336
122 260 3721
215 229 7552
145 156 6549
195 260 384
269 268 100
118 73 9791
148 5 2353
205 93 5196
264 21 1766
186 113 7680
159 174 2921
89 106 9929
268 47 1106
174 68 8801
151 48 9970
76 186 9954
24 180 5260
57 113 9726
107 67 2832
116 127 3438
213 117 1465
70 157 6412
254 80 4930
243 264 3370
203 14 5692
231 58 2085
15 198 1462
140 60 874
172 141 2308
28 208 3235
158 258 5414
115 41 3998
249 242 5
10 262 139
177 215 4969
245 83 9180
113 122 631
207 211 3780
129 252 2087
169 45 6551
102 57 5433
149 86 3873
209 11 3101
87 120 3244
51 181 3472
119 62 3166
92 265 6527
16 159 4157
13 263 8803
255 233 544
267 251 1124
196 23 4432
52 269 8856
12 195 158
168 182 8540
173 203 182
42 222 6080
169 53 7177
239 96 2585
109 154 4642
224 256 5012
51 178 1648
236 208 4377
110 49 5551
109 79 5039
58 170 8836
59 252 7445
225 89 8281
118 141 1532
137 252 1063
104 145 1982
22 231 9183
175 82 8427
72 182 4421
17 168 8724
84 237 6668
28 146 9082
39 260 7342
148 139 2260
233 222 7654
190 182 5070
163 155 1740
2 130 2197
260 104 382
46 137 6317
235 133 2669
214 41 2337
244 245 8914
245 248 4994
75 218 9454
163 198 9536
258 37 2733
114 150 1948
229 41 5837
9 154 3929
29 103 5189
142 15 3581
123 40 4101
208 141 860
222 99 4971
235 2 9519
161 258 6112
171 263 7896
193 98 8167
269 224 3152
43 227 8380
119 238 6890
254 156 5890
189 221 9101
185 101 3385
188 202 1865
250 27 9730
122 131 5016
63 266 8420
64 202 6240
233 189 1001
26 207 6790
170 152 1570
234 121 2398
44 266 5800
215 50 4590
259 4 390
246 62 9311
233 208 6603
195 173 4918
152 168 125
101 67 1154
117 43 8641
61 226 5228
194 6 7397
234 154 4907
240 151 7026
164 77 5469
4 232 7945
112 131 1029
131 55 4389
211 88 3585
164 37 6215
74 209 9261
261 230 2951
133 199 3538
35 112 5521
38 129 7377
132 223 540
24 251 5824
257 232 106
269 81 2749
183 61 5583
98 238 5341
236 100 8258
66 136 6325
189 204 7681
175 216 4257
171 140 8528
126 200 1797
147 187 417
20 241 8989
166 164 6108
124 126 2869
91 210 5321
208 103 6207
191 242 4104
105 247 6257
217 119 6542
215 225 320
219 121 4273
182 95 6667
237 254 9771
189 122 3749
138 71 9149
137 160 5172
197 188 2214
36 213 5539
261 228 4067
208 266 6991
33 164 8169
90 168 4212
238 125 6471
41 135 2601
111 134 918
241 4 5366
97 138 7525
186 32 5050
230 234 945
216 212 5400
202 229 1404
144 20 2556
195 265 3950
103 205 7258
265 19 8721
133 54 9108
188 183 3419
256 261 4642
128 214 6965
182 147 8089
141 148 5026
10 261 9838
266 134 3100
220 105 7152
198 138 3253
179 248 2031
193 26 7434
160 6 4455
35 210 9791
8 103 7038
157 232 8649
169 94 5994
7 136 8038
244 183 6999
253 242 4775
112 56 5992
206 27 6997
234 4 3459
43 125 7011
147 26 51
10 167 4905
104 17 5627
156 108 110
147 201 2880
91 215 8648
18 228 3366
160 226 3107
216 153 8652
159 221 285
212 195 4290
105 166 3075
248 47 1309
184 228 2388
187 205 5726
187 114 6052
102 264 8656
105 144 600
206 218 2755
132 69 1198
233 30 2277
185 132 7388
223 241 5080
65 150 4453
120 49 9023
120 162 7303
162 33 7980
204 31 4718
178 161 4900
126 148 4971
27 215 8650
257 23 3052
34 256 5476
24 171 1641
127 204 1345
240 37 280
176 187 6516
256 7 6069
216 85 1011
137 108 3947
3 222 6274
123 81 9309
33 239 7884
53 252 5271
214 86 8359
104 143 2937
166 208 9131
160 209 7572
263 239 3651
165 23 5903
136 153 1450
155 168 902
187 242 133
217 78 1487
64 192 8610
43 199 2688
204 1 9915
25 242 9908
257 244 6281
