暑假训练中用到一些BZOJ的题目，现我们要将这些题目搬到YZOJ上。现在已经定下题目的专题有数据结构和字符串专题。我先给各小组分配任务负责挂题。后面专题待昊翔学长确定题目后再分工。要求如下：
1.对于小组任务，组长可以分摊安排给各组员一起完成。组长对本组任务负责，要检查确保组员正确按要求挂题。
2.挂题时，请在题目名称前加[BZOJ题号]，如"[BZOJ3940]Censoring".
3.完成时间：7月17日19:00前。


附件一：各小组任务
附件二：BZOJ测试数据下载链接


附件一：BZOJ题号挂题任务分配（每组13题，请勿遗漏）
张城菡组： 3940 1030 2553 2434 2938 1031 4032 4566 3926 3756 2780 1396 4556 
李鸿宇组： 2342 2565 1012 1798 4415 3343 3758 3798 1050 1821 1067 3064 3226 
杨嵘涛组： 3339 3531 4364 4418 2957 3594 4085 3073 1150 3728 4425 1202 1370 
林帅组：   2054 4551 4569 2351 2795 4264 4337 3533 4527 4293 1568 4515 1513 
黄柄顺组：2883 3052 2957 3463 1367 4054 1500 3065 3224 3544 3991 2300 1941 
林伟程组：3053 3616 3815 4181 1453 2051 2599 3697 2566 2631 2759 3637 3639


附件二：BZOJ测试数据下载链接
用迅雷下载，可以选择只下载自己负责的题，用后删除链接。仅供内部使用，向外传播是侵权行为。
1000-1499:magnet:?xt=urn:btih:B3115E2DC40907DC2BC99B8D134B8AF0A97C3DBA
1500-1999:magnet:?xt=urn:btih:76A7AF5142ED99D0932D434B11DCDDBBDD5663B3
2000-2499:magnet:?xt=urn:btih:12DEAE1841942B8C0FF1D07A8C63F5FB579DABE5
2500-2999:magnet:?xt=urn:btih:105F83DCA2DD4654380024AE9BDB238530886554
3000-3499:magnet:?xt=urn:btih:2278952F3A9F10114F1DCCD8D11BBCB680A863A5
3500-3999:magnet:?xt=urn:btih:90827DAD04B60DFB8DC481760987D7ECA8B7849D
4000-4499:magnet:?xt=urn:btih:96AE7D59A6D4ACFA85BA1F1666FD8CE65E35E380
4500-4999:magnet:?xt=urn:btih:CB13F882F0262FDC9D40B3588FDC7FC84DA30679