20 10
20 42 4 76 20 10 28 45 27 9 
84 4 64 70 62 15 96 79 41 98 
98 28 2 23 26 4 23 63 27 99 
20 47 93 24 76 13 86 4 59 13 
66 95 70 30 66 32 98 62 63 91 
12 62 20 15 37 98 71 60 61 98 
12 81 97 5 58 73 71 44 78 82 
58 96 77 80 26 43 12 76 57 75 
68 70 89 40 37 26 38 60 39 51 
58 51 85 55 56 43 81 79 87 11 
61 97 7 39 77 33 34 41 10 92 
69 30 14 58 70 3 37 8 63 76 
11 21 27 96 28 35 39 61 15 79 
72 76 28 79 67 58 65 2 99 27 
46 68 57 60 79 79 63 16 87 26 
92 98 99 71 47 79 6 38 41 21 
17 13 50 98 45 17 56 62 19 7 
89 17 76 98 77 7 77 92 23 16 
70 67 14 69 38 13 1 96 52 42 
18 21 7 20 19 4 37 27 66 9 
5 4 7 6 4 3 5 7 7 2 
0 9 10 1 6 6 0 2 8 5 
10 3 5 3 1 3 9 8 2 8 
5 7 10 10 0 4 0 5 0 8 
7 10 6 4 9 10 8 7 2 3 
2 10 7 7 2 6 8 1 1 8 
7 6 2 6 4 2 10 4 7 9 
1 1 6 5 3 4 5 9 0 7 
2 0 6 7 5 7 0 1 8 2 
9 4 6 1 8 10 1 8 2 7 
6 1 8 1 7 10 3 1 8 1 
6 8 0 10 4 5 6 5 6 1 
5 3 3 0 4 1 9 5 9 0 
1 2 1 8 1 8 5 2 7 0 
3 0 9 1 0 0 7 4 5 0 
6 10 3 7 9 7 8 7 0 4 
5 10 4 6 5 3 2 8 5 7 
9 7 8 7 8 6 7 2 10 0 
3 3 8 6 0 6 1 8 0 10 
