1000 96 91758
93707 64608 47527 87710 16866 84307 36443 22947 73841 39986 90254 88280 72070 21232 57549 41243 66562 21552 21534 34566 78721 89676 7504 39276 52146 66688 58417 20337 99767 95852 64215 35595 59925 56403 73171 53354 64791 35394 27923 77425 94781 78483 9481 50984 8633 70773 15604 91443 27600 12868 82431 52499 14718 25673 1696 54426 16886 3335 4778 25922 38038 39060 30176 65454 68051 58891 21677 23284 1754 19768 7560 13033 26519 21573 26426 24798 19338 58806 16375 7619 26531 44725 29140 36759 18520 68365 16996 35732 59684 42351 4591 80565 33264 54943 8121 74142 36927 23974 94910 71020 24290 56512 72573 37847 62111 71261 25924 85005 32885 45219 13697 52238 92964 99169 22622 1611 15985 67838 2931 29186 75869 59800 75061 21535 66519 15174 37009 75010 20297 32176 8808 28046 47118 13675 62963 64930 92997 38263 93994 79146 67277 7986 37394 58927 64743 37318 7468 995 8904 62383 78244 38747 62057 51947 75722 42473 28466 82674 6951 42914 6742 15580 48800 6634 62411 98537 25191 74738 62157 53122 81963 89472 48851 46 65161 60080 67534 66824 54759 53284 9647 92818 98924 40691 24117 6904 19919 31039 68339 29881 35609 15333 4573 20881 39734 41284 23533 5638 74343 67499 67995 53238 10521 19786 58960 70710 15823 58311 28905 82238 39765 43784 52915 91776 13828 65056 71877 40325 39691 30597 92250 34272 96235 79561 51654 15423 87229 33279 32188 84454 50697 4546 49028 64104 82693 58263 60712 8285 81624 97455 13770 90875 97630 76254 75668 60409 54528 686 56642 79480 77787 84795 51841 83674 36814 43016 67430 37299 19069 57715 7886 60955 45177 7775 26837 17047 28418 47031 62413 18202 55667 85976 94714 25840 21065 20175 59450 26360 79725 30114 64056 28594 54592 34171 37908 9700 79210 12392 7674 82556 74761 49043 69377 23833 79270 58186 81853 56654 89659 52694 70102 20151 32889 62257 50799 49036 55843 2864 76641 15634 88784 51321 121 19683 20214 72966 95629 14406 80973 24936 19094 36379 55874 75923 59382 10058 10886 97444 89044 58484 38431 64358 942 82001 93154 97854 45608 10242 27738 83035 93074 91070 54505 95590 3190 98966 52222 80824 75357 6267 19601 31713 25564 1416 95584 34874 35711 12888 81568 94875 36004 43755 22995 97377 16435 57594 96160 30423 68247 99961 69428 32508 10983 7426 4600 83427 15975 64965 94863 44447 3716 50576 30627 64827 90284 91665 75948 59460 68325 48452 32 66078 64289 51010 99121 35747 62800 17362 64103 30982 28085 30005 76110 52811 59703 18400 83500 74368 76576 87604 14729 16638 7223 31046 8746 51506 15960 51911 57079 63836 44565 47895 70406 64920 1925 97031 11141 50420 78004 92903 34972 95839 86552 53836 74972 35173 43372 42075 88407 5788 92627 50398 45202 37829 27542 30303 91394 5996 9573 2937 51542 29128 42160 57311 61643 70350 12352 577 61442 8354 48300 88479 30856 47975 55228 51048 35812 95008 1743 15167 21696 94241 25760 95862 76936 72664 48561 89163 37462 49662 83515 42875 3100 685 81254 72734 19626 6879 1105 10442 99875 63267 89558 33012 21131 88750 88183 97745 31584 56476 65031 14826 13965 43259 23048 76237 47003 53549 89628 33549 56824 14163 87928 84761 27005 18673 10051 60235 29593 47141 44417 8784 61997 4489 80346 68912 43124 21376 67158 55716 64541 54446 66092 63416 53628 38631 8861 34390 25006 75120 96859 48098 92044 61911 86026 53822 82253 15919 36541 51466 87247 73190 84728 81743 37997 60276 31245 49268 57625 44837 65934 38809 22853 794 86784 51584 75517 94682 55662 3659 42856 48664 55693 42920 85628 32076 30388 66595 65537 84588 56466 4737 2746 16403 99639 78251 73811 15223 50890 99132 37838 74062 42636 97921 28850 62018 63307 37293 61411 7797 57236 79149 23995 18387 93005 42601 39170 95226 74974 38942 70344 92723 82068 62936 27315 74655 43324 93634 46836 83413 67378 10658 99888 35279 18610 50060 36144 60620 84815 89936 32962 50241 83964 54845 85787 78240 41906 81489 37161 66109 63991 69336 73349 5517 7857 97724 5428 79014 14643 49965 6860 88997 10196 6004 92585 46930 80077 7182 90935 40132 51587 43367 29599 65950 13008 95147 84045 63988 3184 79148 9906 8164 49321 21263 68298 50164 38287 31724 93404 34498 50468 28292 12174 13276 75448 48545 20101 80072 33420 7945 23398 60557 61004 26640 16726 53782 37048 86860 24233 44107 58698 11615 86345 53349 88133 64983 10315 62128 29493 47429 25850 88637 35011 53126 24516 23206 34341 40736 61227 37560 11295 65404 37200 50401 47442 46392 32249 64829 91797 56381 30255 98500 35663 30668 9235 2268 83034 54526 56094 36905 57351 58454 13164 42611 45123 16756 33549 85096 56252 86173 42172 10819 68637 98400 77975 46509 72213 58599 73968 8338 8708 8653 76380 92631 27924 36815 48918 92667 18126 13990 18043 56759 95748 8627 78564 94429 70472 64375 21417 37359 27740 30467 81985 72795 42627 85762 54627 3631 4492 976 28231 5437 1271 16422 67697 4792 35966 91023 89567 69043 1748 54427 41371 63328 25810 2099 59403 67681 46371 99761 8 24778 11367 81861 13297 9057 84143 36695 51698 53543 66370 30619 21999 7880 32638 50699 9467 39753 46711 96249 14227 38674 47425 59785 69706 44318 63157 68868 52479 31996 37600 23933 73582 86940 27261 1269 542 64503 58695 2454 61834 78196 69099 64969 60364 45670 35495 73318 26300 5245 2175 33612 12251 38452 42823 86023 81399 92098 18380 82896 98028 11448 71865 99434 49127 17633 94557 35885 70420 44801 8647 4713 57029 52058 16591 87865 28106 39068 67703 1746 86875 22344 80118 840 94598 32825 42867 4646 50483 13852 54425 26289 90965 71977 25416 65291 30794 90002 86525 2133 57356 98774 59820 15156 71974 35118 11425 69216 8048 66380 85278 97913 45445 57953 16505 72466 39759 70709 20308 85073 72346 55330 20074 40308 58771 58016 35299 25486 762 43346 82134 37784 62999 36379 22379 59297 77703 47187 94263 23904 80980 14157 10836 40892 16741 38499 5519 98438 32772 3899 926 46793 88828 64514 94956 5797 61936 1982 69384 91084 24609 22794 77573 31981 38794 32141 98761 35561 51331 50306 39950 33476 13273 67118 94966 58281 98324 77778 41150 55878 41318 85839 74322 69921 26235 71035 31589 59039 15962 35621
1 2
2 3
2 4
2 5
2 6
1 7
6 8
6 9
3 10
6 11
9 12
9 13
13 14
11 15
9 16
10 17
9 18
9 19
14 20
12 21
12 22
15 23
14 24
19 25
18 26
26 27
23 28
23 29
29 30
22 31
24 32
30 33
28 34
32 35
32 36
29 37
27 38
32 39
37 40
30 41
36 42
36 43
33 44
41 45
37 46
40 47
39 48
38 49
39 50
45 51
50 52
44 53
49 54
47 55
46 56
54 57
52 58
55 59
54 60
52 61
58 62
55 63
53 64
57 65
62 66
64 67
57 68
59 69
63 70
67 71
66 72
70 73
67 74
74 75
70 76
70 77
67 78
68 79
72 80
78 81
76 82
80 83
81 84
81 85
82 86
80 87
83 88
78 89
87 90
82 91
84 92
89 93
93 94
86 95
94 96
91 97
94 98
94 99
89 100
96 101
99 102
100 103
96 104
103 105
98 106
96 107
100 108
98 109
105 110
110 111
108 112
107 113
109 114
108 115
114 116
115 117
107 118
111 119
112 120
110 121
112 122
120 123
123 124
116 125
117 126
120 127
124 128
118 129
123 130
121 131
128 132
122 133
125 134
129 135
132 136
132 137
137 138
132 139
131 140
139 141
138 142
136 143
141 144
139 145
142 146
142 147
145 148
148 149
146 150
149 151
151 152
143 153
149 154
147 155
146 156
152 157
150 158
148 159
159 160
151 161
155 162
160 163
162 164
156 165
163 166
156 167
165 168
167 169
169 170
166 171
171 172
162 173
165 174
170 175
175 176
172 177
173 178
174 179
171 180
173 181
181 182
177 183
180 184
177 185
184 186
179 187
183 188
182 189
180 190
183 191
191 192
186 193
189 194
184 195
195 196
196 197
193 198
191 199
189 200
191 201
193 202
194 203
195 204
195 205
199 206
199 207
200 208
207 209
202 210
207 211
206 212
210 213
211 214
211 215
209 216
213 217
209 218
213 219
215 220
220 221
212 222
212 223
222 224
220 225
225 226
217 227
221 228
221 229
219 230
220 231
226 232
222 233
230 234
224 235
233 236
226 237
237 238
229 239
232 240
236 241
241 242
238 243
234 244
242 245
243 246
240 247
238 248
248 249
245 250
244 251
245 252
248 253
252 254
246 255
255 256
249 257
249 258
248 259
252 260
259 261
261 262
262 263
259 264
256 265
261 266
259 267
258 268
265 269
260 270
267 271
261 272
272 273
273 274
266 275
267 276
275 277
273 278
268 279
270 280
272 281
273 282
282 283
278 284
277 285
285 286
285 287
283 288
283 289
287 290
286 291
283 292
290 293
290 294
290 295
292 296
288 297
292 298
294 299
292 300
297 301
291 302
294 303
302 304
301 305
299 306
299 307
301 308
303 309
301 310
304 311
302 312
306 313
303 314
311 315
307 316
308 317
317 318
313 319
309 320
313 321
313 322
312 323
314 324
314 325
325 326
322 327
317 328
319 329
321 330
325 331
321 332
328 333
326 334
331 335
335 336
334 337
332 338
328 339
332 340
338 341
333 342
338 343
338 344
339 345
340 346
346 347
346 348
348 349
349 350
346 351
349 352
349 353
346 354
353 355
345 356
355 357
349 358
352 359
359 360
360 361
353 362
360 363
359 364
358 365
356 366
360 367
366 368
368 369
367 370
370 371
363 372
367 373
368 374
364 375
366 376
369 377
374 378
376 379
371 380
377 381
381 382
374 383
375 384
382 385
378 386
383 387
386 388
385 389
381 390
384 391
391 392
382 393
385 394
393 395
392 396
386 397
397 398
395 399
391 400
395 401
392 402
398 403
401 404
401 405
396 406
401 407
403 408
403 409
408 410
408 411
405 412
407 413
406 414
410 415
410 416
414 417
410 418
415 419
419 420
419 421
415 422
421 423
415 424
416 425
424 426
416 427
423 428
427 429
421 430
425 431
431 432
428 433
426 434
426 435
432 436
430 437
432 438
435 439
435 440
440 441
434 442
436 443
443 444
443 445
435 446
443 447
446 448
446 449
449 450
449 451
441 452
445 453
445 454
451 455
453 456
455 457
457 458
452 459
455 460
459 461
453 462
458 463
456 464
456 465
462 466
460 467
459 468
458 469
462 470
462 471
461 472
464 473
467 474
468 475
468 476
470 477
470 478
475 479
473 480
478 481
478 482
482 483
473 484
480 485
483 486
483 487
485 488
485 489
479 490
480 491
485 492
485 493
486 494
487 495
486 496
488 497
490 498
493 499
499 500
500 501
492 502
501 503
495 504
499 505
497 506
501 507
498 508
506 509
501 510
504 511
503 512
507 513
509 514
511 515
510 516
516 517
515 518
517 519
518 520
518 521
521 522
515 523
520 524
520 525
515 526
520 527
524 528
528 529
524 530
528 531
531 532
522 533
526 534
524 535
530 536
528 537
528 538
533 539
537 540
539 541
532 542
541 543
533 544
543 545
545 546
543 547
538 548
546 549
547 550
541 551
551 552
544 553
545 554
547 555
547 556
554 557
552 558
552 559
555 560
557 561
561 562
558 563
554 564
554 565
555 566
561 567
560 568
560 569
560 570
566 571
563 572
572 573
572 574
569 575
572 576
569 577
576 578
571 579
573 580
579 581
577 582
573 583
580 584
581 585
575 586
578 587
578 588
588 589
584 590
588 591
581 592
584 593
589 594
587 595
595 596
591 597
590 598
595 599
596 600
600 601
601 602
594 603
600 604
600 605
598 606
600 607
601 608
606 609
600 610
602 611
608 612
605 613
610 614
607 615
615 616
609 617
610 618
614 619
614 620
611 621
613 622
615 623
620 624
622 625
625 626
620 627
626 628
618 629
619 630
621 631
630 632
625 633
630 634
629 635
630 636
635 637
629 638
629 639
631 640
634 641
640 642
641 643
639 644
643 645
642 646
646 647
639 648
643 649
641 650
648 651
645 652
644 653
651 654
648 655
645 656
656 657
649 658
658 659
657 660
656 661
661 662
658 663
655 664
661 665
664 666
656 667
660 668
662 669
663 670
665 671
667 672
664 673
668 674
664 675
671 676
673 677
672 678
673 679
672 680
674 681
673 682
679 683
673 684
678 685
680 686
685 687
678 688
686 689
689 690
686 691
684 692
684 693
684 694
690 695
689 696
689 697
695 698
694 699
698 700
699 701
697 702
699 703
693 704
704 705
700 706
706 707
706 708
702 709
701 710
708 711
707 712
710 713
703 714
711 715
711 716
706 717
715 718
710 719
709 720
717 721
715 722
721 723
722 724
724 725
720 726
723 727
724 728
727 729
721 730
722 731
726 732
722 733
733 734
732 735
728 736
728 737
733 738
732 739
734 740
739 741
739 742
737 743
735 744
736 745
744 746
738 747
738 748
742 749
745 750
749 751
751 752
743 753
753 754
752 755
754 756
752 757
751 758
748 759
752 760
759 761
753 762
761 763
756 764
754 765
761 766
760 767
759 768
762 769
766 770
765 771
767 772
763 773
768 774
766 775
767 776
776 777
767 778
774 779
778 780
776 781
779 782
777 783
782 784
775 785
776 786
778 787
779 788
786 789
787 790
789 791
789 792
791 793
792 794
784 795
795 796
792 797
797 798
791 799
796 800
794 801
798 802
802 803
793 804
800 805
799 806
799 807
799 808
802 809
802 810
804 811
809 812
812 813
812 814
811 815
812 816
809 817
816 818
808 819
817 820
815 821
819 822
818 823
823 824
823 825
816 826
820 827
821 828
824 829
820 830
822 831
826 832
822 833
830 834
832 835
829 836
827 837
831 838
832 839
839 840
837 841
838 842
833 843
833 844
839 845
844 846
837 847
847 848
841 849
849 850
847 851
845 852
847 853
850 854
851 855
851 856
856 857
855 858
858 859
856 860
858 861
855 862
852 863
862 864
861 865
864 866
862 867
859 868
863 869
868 870
866 871
863 872
870 873
866 874
874 875
874 876
866 877
877 878
869 879
873 880
876 881
879 882
878 883
881 884
876 885
885 886
878 887
881 888
888 889
887 890
881 891
891 892
891 893
886 894
894 895
892 896
892 897
890 898
894 899
892 900
899 901
892 902
896 903
900 904
903 905
899 906
906 907
903 908
900 909
908 910
907 911
907 912
904 913
903 914
913 915
908 916
911 917
917 918
913 919
917 920
917 921
913 922
922 923
914 924
924 925
919 926
920 927
923 928
918 929
920 930
925 931
931 932
923 933
924 934
926 935
935 936
929 937
929 938
928 939
929 940
940 941
935 942
941 943
937 944
937 945
941 946
946 947
943 948
944 949
944 950
941 951
950 952
943 953
952 954
948 955
955 956
950 957
951 958
956 959
952 960
960 961
961 962
957 963
959 964
954 965
955 966
961 967
967 968
960 969
965 970
966 971
969 972
964 973
963 974
967 975
969 976
975 977
972 978
976 979
976 980
974 981
979 982
973 983
979 984
978 985
977 986
981 987
983 988
978 989
980 990
985 991
987 992
987 993
987 994
991 995
995 996
986 997
996 998
993 999
998 1000
