993 997
208 142 175 529 371 835 565 527 752 145 947 399 37 835 755 66 807 763 453 526 978 472 398 725 964 527 877 419 433 393 60 919 886 820 533 30 693 835 991 514 484 609 16 681 143 583 666 835 463 959 574 477 454 92 266 716 804 646 780 529 208 143 533 390 831 634 47 396 171 360 934 563 874 342 835 347 669 666 423 614 780 30 645 175 934 865 870 453 757 514 248 856 609 838 941 145 780 16 454 371 396 214 214 16 630 214 410 527 66 186 835 713 722 928 609 930 668 407 804 835 284 298 781 366 392 959 835 272 163 835 216 590 507 922 399 581 741 890 527 581 807 272 149 453 644 623 941 598 804 987 609 253 25 732 128 814 729 862 38 882 609 399 214 143 681 991 716 835 869 704 668 609 145 807 930 324 451 712 862 614 925 614 835 311 447 941 609 922 30 835 169 507 30 453 396 708 850 70 852 681 669 722 364 756 615 507 529 396 527 472 360 757 16 16 399 668 589 16 145 153 607 942 463 268 338 991 396 216 180 468 341 25 453 566 406 2 609 514 113 145 717 835 939 930 18 134 807 659 26 526 253 453 432 351 581 524 268 585 186 609 175 396 486 149 529 533 607 877 647 649 264 399 262 990 589 709 693 798 644 253 835 524 950 656 668 700 814 15 821 934 702 959 462 835 154 692 138 16 216 905 763 922 835 847 806 947 533 399 289 557 615 565 947 39 780 142 942 415 750 507 939 835 668 629 589 170 171 486 807 835 264 175 384 142 883 409 507 45 741 835 143 36 693 892 143 137 729 930 405 138 835 142 919 249 216 185 453 645 463 465 319 835 835 70 196 297 93 964 216 780 804 753 922 941 516 472 441 609 653 472 507 835 465 208 925 639 145 452 359 149 725 835 925 835 886 585 708 609 400 65 835 514 964 565 824 388 607 175 199 865 472 941 463 796 900 925 472 398 37 419 194 142 399 835 798 453 781 453 835 790 487 835 835 925 487 453 523 352 399 399 741 194 347 903 817 170 371 352 614 732 510 609 925 835 392 1 262 59 941 262 705 565 959 214 415 25 454 750 143 289 516 396 942 166 392 518 246 65 821 529 636 946 623 565 950 607 486 633 644 113 986 835 656 882 705 371 835 609 538 527 171 835 807 371 588 951 870 607 804 199 835 423 533 507 2 152 39 524 668 352 900 392 151 396 807 145 488 678 331 835 518 196 774 253 331 180 527 216 804 835 781 634 875 227 138 835 145 607 70 716 693 609 835 563 145 487 681 70 248 835 169 741 577 93 807 821 609 175 145 259 729 38 693 151 609 732 607 713 415 214 268 527 113 527 951 151 565 835 835 835 648 70 741 384 33 514 987 351 259 538 941 861 390 168 753 216 633 835 978 151 442 807 883 716 145 45 453 807 232 989 393 488 883 862 543 463 453 453 142 472 725 253 674 533 461 452 469 166 149 70 875 750 360 780 566 630 807 262 175 862 268 453 474 396 268 835 589 517 128 835 465 990 486 18 142 790 835 533 859 904 648 145 964 796 138 835 821 807 670 507 728 609 835 978 453 191 634 60 609 950 529 390 774 37 835 910 514 594 565 506 728 835 145 487 666 585 244 713 507 393 145 514 145 189 471 295 433 153 707 211 453 835 816 807 807 946 691 533 259 145 942 198 123 964 639 835 681 299 919 227 589 835 524 895 533 453 38 465 268 474 609 716 835 47 514 142 453 732 700 727 654 594 472 194 463 646 523 742 452 533 922 527 111 942 526 885 453 533 453 563 959 832 433 262 648 609 216 258 471 526 978 908 463 659 717 138 835 302 392 654 566 527 500 750 566 247 453 553 36 875 347 472 609 529 360 930 676 941 941 550 875 835 507 609 145 507 106 835 204 934 507 732 166 405 669 38 922 149 506 804 835 138 465 463 835 900 835 514 835 527 213 533 566 292 732 835 410 835 645 390 713 399 487 563 216 527 247 216 590 913 875 851 145 175 752 142 486 18 648 216 149 462 30 452 717 750 750 877 983 623 527 656 835 151 598 432 835 612 752 338 145 925 396 463 507 471 707 84 16 153 36 835 701 835 784 175 507 175 609 514 287 247 835 835 284 92 565 216 540 741 216 474 392 399 836 216 453 978 851 486 708 258 922 877 869 468 835 331 691 668 649 874 702 852 942 590 399 529 922 388 713 669 577 324 807 474 477 835 715 835 807 750 922 821 655 399 939 463 524 832 700 722 91 280 529 820 835 453 22 246 395 484 175
161 964
600 835
197 30
613 919
384 827
434 329
356 425
47 281
48 402
191 821
535 440
130 97
239 516
969 10
63 988
131 472
369 476
559 431
722 712
563 966
563 498
124 690
408 967
186 541
38 440
397 124
650 329
804 381
214 243
456 428
718 583
259 853
793 323
5 245
435 85
988 307
556 138
444 616
521 364
483 599
567 316
140 644
37 750
583 912
736 826
70 287
93 745
29 132
321 360
209 68
58 303
717 174
537 286
164 619
233 680
960 711
865 350
827 370
88 101
278 953
897 862
565 218
482 638
28 20
135 52
717 155
435 359
888 663
379 382
3 852
533 550
882 720
915 369
910 176
238 936
749 151
476 946
343 430
606 911
288 227
237 403
318 967
729 419
453 568
598 140
620 356
895 723
501 276
202 182
722 343
691 778
335 6
861 888
810 540
801 545
912 156
344 122
55 494
58 495
634 885
916 395
86 188
363 347
546 75
310 818
982 151
182 161
471 363
148 795
363 896
121 193
357 582
215 249
484 390
7 928
659 499
54 71
698 857
693 420
956 943
818 450
970 514
35 901
831 159
645 229
374 144
963 51
244 473
548 295
301 972
49 588
203 618
50 747
778 315
414 225
560 945
871 391
505 697
568 457
510 442
189 236
749 989
499 243
490 620
192 672
993 613
817 710
658 669
655 243
152 551
509 849
679 440
108 632
70 575
620 221
372 981
630 416
462 378
178 100
776 98
176 929
781 65
338 914
409 985
116 887
272 375
750 927
855 446
876 289
475 881
930 964
97 271
376 661
726 335
990 382
134 870
637 706
918 179
432 624
349 32
848 661
48 359
503 152
203 98
64 496
734 825
696 876
324 404
341 279
828 249
843 608
314 143
25 796
273 856
143 474
30 224
689 843
216 62
581 890
306 847
63 455
507 473
842 82
352 837
553 375
313 45
14 138
208 59
674 558
983 415
977 504
114 546
885 170
85 473
425 507
895 792
257 32
68 69
269 747
594 1
813 788
831 57
384 739
18 932
823 188
42 746
619 224
685 83
610 402
160 47
90 683
491 730
183 928
871 446
31 619
595 758
439 406
320 206
53 615
957 292
680 969
10 197
60 553
534 929
416 126
59 365
546 217
485 773
306 561
410 503
545 317
562 482
889 59
392 363
430 92
554 565
858 804
368 58
331 647
662 554
280 828
100 990
324 854
640 836
500 463
36 423
374 630
668 282
565 304
186 713
806 111
62 592
141 776
868 539
398 694
57 168
352 960
880 184
907 234
553 851
800 167
51 820
965 867
413 757
354 670
121 244
101 290
109 878
988 842
582 184
913 462
856 820
744 208
83 394
308 26
726 345
361 22
44 821
798 890
177 27
397 15
633 111
228 665
699 428
699 577
813 502
526 552
457 460
377 524
293 815
90 842
774 67
107 900
138 267
515 448
577 270
797 385
334 412
362 121
10 59
914 645
129 614
497 852
741 98
475 631
346 724
816 326
659 797
214 94
591 897
67 313
819 684
916 311
143 292
270 837
942 204
878 838
482 676
211 127
772 506
768 35
254 938
95 73
367 690
938 84
182 113
884 447
410 902
716 582
876 389
352 854
867 222
87 629
957 922
162 21
529 489
74 133
69 260
520 754
603 351
174 186
185 754
137 12
387 947
263 926
180 586
122 73
150 723
780 620
527 703
381 861
584 139
201 214
250 992
468 53
841 193
936 68
714 308
646 528
506 537
252 883
240 716
134 116
223 466
491 78
770 485
897 478
95 11
607 790
470 645
351 756
736 82
922 807
4 641
130 498
91 893
792 220
110 870
987 723
844 102
991 940
715 206
484 731
860 8
579 423
543 748
411 787
628 395
611 475
279 709
635 308
154 654
722 567
976 235
676 421
753 520
493 829
512 274
35 398
733 535
573 344
539 181
892 110
447 108
127 444
96 820
330 284
639 540
919 129
675 204
500 205
106 177
264 407
940 822
383 964
355 687
251 520
470 61
983 12
136 175
97 256
401 143
657 258
120 815
938 433
432 672
238 516
237 802
107 792
408 372
521 789
424 790
570 968
730 288
310 666
895 322
20 963
618 337
784 444
237 555
851 758
466 19
941 584
913 604
126 789
389 110
777 617
648 461
53 431
72 451
886 857
519 60
823 466
21 16
132 359
692 731
884 702
865 531
355 242
503 606
622 939
405 810
211 553
441 465
959 443
984 356
247 684
605 125
816 485
778 853
576 782
811 742
566 180
594 616
974 952
436 210
443 981
126 212
387 236
134 386
253 255
419 89
229 754
586 957
706 43
40 153
746 158
332 474
623 978
894 753
612 218
98 951
472 748
873 652
418 392
336 481
638 678
728 986
171 770
470 557
596 34
219 986
977 668
590 904
115 367
701 324
245 805
728 628
841 202
675 948
108 95
227 939
819 439
516 923
677 731
33 938
365 799
514 523
22 935
507 608
50 948
633 16
83 494
489 525
25 392
514 175
144 146
710 106
128 782
901 587
752 225
491 230
107 628
168 454
949 304
312 667
971 735
864 560
460 727
937 136
604 129
315 458
809 657
800 837
669 380
893 498
18 372
124 340
503 879
513 862
530 268
445 936
104 208
920 595
442 764
581 386
688 139
137 161
195 841
929 122
675 737
392 827
741 301
173 812
267 845
953 226
336 785
298 361
905 400
656 158
281 682
373 415
607 985
787 833
231 302
285 587
303 147
240 609
840 864
559 388
437 551
918 662
866 181
660 803
868 536
516 721
128 544
392 41
691 714
716 533
920 728
924 959
106 426
748 154
350 661
980 798
865 814
822 37
400 784
95 81
440 782
263 643
43 436
33 353
788 631
641 190
518 581
71 807
429 223
872 479
487 621
780 558
9 403
371 215
919 830
571 12
683 142
765 889
880 327
56 941
834 862
946 509
593 130
883 79
556 269
194 791
525 493
300 970
52 284
695 5
859 336
105 291
727 261
39 510
181 371
300 246
23 715
72 259
547 627
696 621
825 494
337 163
335 491
319 639
380 464
164 52
486 585
164 805
274 269
824 307
625 727
548 499
221 213
251 946
170 917
501 912
734 692
426 614
569 67
907 788
302 446
582 786
36 827
579 601
342 28
265 538
372 705
926 36
421 468
947 976
985 773
766 602
66 449
544 844
302 772
345 626
360 528
412 371
905 247
943 693
34 652
564 647
756 676
309 975
128 682
589 2
657 983
459 316
906 963
106 277
71 480
874 406
248 505
808 249
74 777
858 99
764 478
423 335
810 668
43 540
640 705
266 30
839 117
427 927
944 717
66 614
965 832
464 184
93 32
323 107
570 199
982 155
815 686
461 214
962 39
395 751
548 99
346 558
886 438
644 899
583 111
775 216
506 232
703 598
597 779
672 259
469 455
968 561
373 2
672 903
179 166
921 522
626 649
791 953
694 419
366 65
791 652
496 971
480 84
898 278
144 498
925 479
585 220
236 299
580 979
973 488
86 969
517 212
243 188
200 556
267 715
666 76
883 344
112 444
603 891
653 815
268 827
278 611
119 658
588 801
312 491
528 945
132 760
462 546
200 568
139 350
316 319
276 149
379 769
964 766
495 372
100 746
464 407
80 742
931 579
396 961
30 472
118 375
795 254
944 436
288 835
402 952
549 759
275 665
766 325
351 246
411 339
393 104
445 651
493 414
740 984
422 796
432 333
145 438
5 887
261 377
206 262
646 670
467 28
632 804
970 757
800 77
863 877
126 75
457 349
376 511
62 256
440 539
494 291
645 172
255 793
699 170
681 544
781 434
955 450
629 701
661 265
950 516
417 261
818 956
771 716
571 296
830 198
532 963
762 460
738 883
940 763
765 934
169 473
120 915
173 328
190 440
192 309
526 543
939 561
605 541
915 991
174 218
578 584
165 738
742 904
924 515
896 494
457 729
441 760
523 207
846 58
859 573
981 432
719 78
212 860
547 162
24 162
636 501
909 401
671 784
850 530
157 404
187 358
812 73
609 850
74 284
335 755
893 673
746 704
17 664
783 911
871 784
761 279
839 77
623 659
588 206
443 869
49 76
342 241
776 863
123 735
878 162
792 488
445 291
45 219
497 797
138 857
908 593
297 528
742 549
867 717
498 940
317 505
965 552
735 740
105 70
97 183
479 450
477 87
250 341
976 824
153 532
514 802
492 660
542 979
847 599
23 743
11 898
725 221
339 526
101 449
399 125
833 700
367 58
705 442
281 961
683 84
590 569
768 752
824 977
793 500
566 409
732 624
848 921
196 234
470 990
958 980
305 787
901 439
64 109
420 215
140 574
917 831
413 434
65 877
270 458
646 882
875 992
277 924
253 935
369 46
322 550
512 141
973 954
64 557
376 904
13 262
490 794
283 935
708 606
187 978
452 342
336 570
51 355
69 294
783 815
871 348
500 580
642 616
947 687
779 699
664 875
195 564
350 572
939 707
933 224
321 198
767 449
5 103
191 682
740 508
263 275
972 574
17 334
803 410
113 54
1 693 292
1 638 108
1 254 593
2 735 142
2 364 835
2 193 37
2 865 60
2 490 795
1 216 280
2 478 930
1 770 416
2 877 216
2 474 26
1 952 419
1 988 65
2 819 442
1 604 992
2 363 647
1 640 1
2 983 950
2 405 65
2 370 911
2 335 264
1 751 314
1 815 653
2 447 563
1 444 262
1 381 32
2 379 465
1 17 762
1 661 718
1 24 450
2 726 216
2 46 2
2 696 216
2 62 533
2 321 653
1 351 558
1 638 391
1 406 863
1 130 329
1 577 199
2 640 175
1 789 14
1 982 341
1 218 489
1 311 87
2 868 66
1 263 548
1 132 351
2 458 659
2 655 732
1 98 151
2 110 835
2 450 358
2 937 533
2 30 947
1 156 24
2 703 577
2 59 399
2 227 835
1 871 720
2 28 507
1 409 297
1 69 200
2 696 807
1 363 193
2 387 92
1 119 895
2 200 142
2 40 900
2 760 538
1 947 83
1 251 976
1 450 983
2 536 507
1 726 844
2 340 750
2 239 648
2 690 399
1 824 506
1 111 86
2 194 153
1 174 21
1 162 905
1 608 859
1 458 516
1 735 535
2 601 215
2 757 870
1 269 190
1 352 949
2 888 757
2 907 832
2 816 526
2 681 946
1 203 593
2 737 452
1 679 831
1 148 861
2 335 942
2 290 900
2 766 836
2 728 514
1 422 674
2 297 523
2 888 486
1 933 914
1 770 910
2 635 37
2 223 550
2 359 676
2 159 757
2 804 189
1 482 138
1 347 740
1 11 35
1 924 526
2 839 609
2 355 514
2 224 175
2 719 658
1 201 818
2 551 750
2 688 693
1 432 82
1 467 984
1 990 788
1 752 528
1 427 43
2 165 507
1 298 559
1 123 292
2 400 339
1 866 877
2 945 216
1 935 588
1 727 129
1 262 594
2 302 463
1 489 570
1 54 460
2 344 528
1 526 884
1 408 255
1 469 311
2 62 390
1 190 757
1 781 712
1 687 420
2 263 451
2 720 798
1 794 461
1 683 185
2 935 514
1 253 299
1 56 241
2 812 824
1 530 734
2 950 681
2 511 419
1 372 457
2 832 472
1 21 243
1 326 833
1 622 837
2 862 419
1 986 848
2 726 895
1 341 86
2 132 814
2 589 796
1 765 924
1 14 908
1 847 579
2 690 216
1 11 56
2 857 594
1 437 707
1 520 970
2 801 835
2 548 109
2 478 507
2 391 885
1 969 936
2 167 922
2 223 248
1 196 918
1 900 692
1 876 195
2 77 835
2 6 507
2 42 978
1 22 902
1 955 254
1 191 449
2 334 393
1 258 246
2 948 507
1 147 211
1 183 931
2 192 870
2 762 681
2 669 70
1 920 57
1 375 974
2 718 716
2 961 774
1 971 889
1 187 308
1 124 601
2 585 364
1 132 349
2 235 454
2 289 563
2 268 37
1 339 193
2 722 557
1 617 297
1 923 431
2 528 258
2 504 527
2 850 600
1 619 255
2 823 609
2 431 268
2 621 565
2 737 477
2 40 360
2 468 463
2 184 452
1 359 629
1 195 582
1 448 666
2 794 692
1 166 596
2 926 835
1 806 689
1 770 631
1 790 195
1 59 680
1 687 700
1 273 225
2 939 145
2 928 25
1 528 433
2 8 527
1 694 578
2 332 563
1 524 863
1 210 3
1 907 318
2 137 908
2 738 713
1 345 188
1 777 307
2 476 700
1 59 805
2 261 928
2 130 950
1 131 232
2 446 835
1 441 230
1 308 843
1 495 408
2 800 280
1 396 924
2 208 986
2 45 145
2 678 453
2 909 807
2 796 410
2 31 142
1 873 662
1 288 247
2 191 741
2 119 835
1 77 76
1 754 319
2 498 196
2 821 670
1 938 227
2 762 835
2 429 396
1 673 61
1 849 518
1 736 781
1 810 444
2 133 666
1 953 229
1 420 819
1 644 332
1 90 638
1 183 974
2 243 216
1 758 695
1 543 390
1 987 204
2 308 653
1 534 734
2 358 574
2 689 259
1 331 759
2 309 835
2 502 463
2 203 530
2 593 471
2 796 338
2 886 45
2 625 835
2 507 137
1 359 839
2 125 487
1 563 627
2 115 820
1 446 116
2 417 453
2 762 589
2 304 609
1 164 543
1 305 548
2 148 394
1 340 966
2 964 807
2 223 53
2 336 152
2 78 463
2 984 311
1 66 463
1 606 155
1 159 471
1 74 298
1 44 483
2 400 836
2 457 149
2 713 529
2 381 807
2 47 861
2 509 341
2 661 750
2 138 302
2 435 128
1 917 505
2 714 835
1 388 232
2 50 964
2 145 910
2 94 978
2 658 149
2 152 835
1 725 357
2 692 486
1 201 42
2 582 670
2 814 152
1 122 563
1 827 559
1 29 935
1 696 365
1 904 300
2 267 941
2 927 851
1 968 803
2 432 941
1 713 705
1 282 902
2 840 435
1 780 541
2 151 693
2 448 60
1 350 460
1 981 482
1 790 202
1 690 122
1 401 621
2 309 861
2 461 859
1 6 661
1 31 962
2 197 128
1 654 875
2 142 216
1 341 167
1 460 250
2 87 565
1 34 991
2 422 373
2 90 713
2 58 66
1 26 299
2 898 609
1 955 132
2 128 835
2 375 433
1 141 645
1 136 612
2 643 992
2 510 939
1 518 369
1 814 143
1 854 112
2 986 514
1 201 501
1 281 608
1 923 182
2 541 928
1 431 524
1 61 635
2 429 756
1 570 98
2 679 653
2 418 500
1 918 704
2 531 61
1 712 626
1 549 418
1 77 343
2 712 400
2 551 145
1 648 598
1 31 24
1 591 304
2 301 60
2 282 396
2 908 835
2 330 153
1 672 707
1 586 367
1 585 88
2 187 607
2 211 392
2 512 900
2 89 422
2 138 128
2 933 453
1 422 178
1 133 714
1 500 334
2 585 463
2 817 142
1 768 89
2 127 910
2 296 821
2 212 878
2 399 451
1 577 669
2 295 266
2 628 507
2 297 629
1 842 406
2 928 699
2 585 486
2 398 524
2 670 145
1 685 217
1 360 128
1 22 459
2 339 396
1 905 889
2 317 669
1 743 817
2 409 452
2 817 507
2 68 25
2 282 302
2 409 352
1 866 526
1 793 581
2 687 331
2 137 691
1 952 80
2 920 750
1 165 190
2 967 804
1 558 359
2 329 59
1 852 938
2 437 807
1 702 268
1 950 11
1 35 69
2 871 11
2 68 653
2 7 518
1 366 231
2 835 566
1 777 412
1 217 82
1 482 540
2 490 527
2 559 486
2 433 835
2 523 707
1 650 729
1 878 39
1 499 899
1 909 100
2 988 780
1 534 638
2 231 928
2 213 462
1 441 177
2 837 453
2 572 268
1 608 501
2 514 835
1 613 340
1 762 459
2 404 836
1 244 614
1 235 923
2 411 33
1 649 110
2 21 22
1 519 424
1 522 791
1 861 661
1 324 445
2 123 514
1 737 531
1 666 76
2 470 415
1 577 31
1 518 71
1 941 680
2 736 835
2 401 406
1 845 3
1 72 123
1 602 645
2 675 399
2 507 659
1 537 836
1 605 905
1 289 990
1 198 601
1 841 731
2 844 474
1 966 52
1 615 493
2 38 163
1 459 529
1 301 849
1 210 752
1 204 179
1 805 542
1 540 649
2 273 648
2 322 729
1 812 944
1 493 976
1 26 690
1 874 907
2 632 814
1 808 39
2 356 614
2 11 780
1 170 250
1 687 793
1 636 316
2 618 487
2 312 939
2 226 454
2 893 835
1 929 342
2 626 614
2 177 989
2 424 524
2 224 289
1 537 818
1 986 929
2 617 168
1 878 171
2 81 708
1 420 821
1 116 778
2 960 396
1 515 418
1 45 906
2 860 653
1 795 906
2 338 959
2 508 111
2 192 648
1 19 957
1 795 768
2 890 928
2 312 37
2 223 533
1 313 140
1 226 941
1 576 741
1 680 165
1 765 461
2 728 528
1 502 644
1 711 561
2 542 807
2 415 862
2 554 465
1 501 594
1 246 698
2 408 36
1 869 102
2 713 347
2 363 807
1 921 374
2 372 533
2 220 415
1 507 792
2 106 861
2 803 648
1 947 946
1 54 148
1 300 113
2 709 484
1 87 7
2 316 717
1 716 376
2 512 820
1 20 679
2 456 549
1 408 788
1 553 378
2 665 835
2 474 472
2 480 91
1 400 25
2 775 25
2 31 702
1 709 490
2 324 175
1 117 642
1 492 78
1 333 559
1 349 347
2 901 16
1 925 423
2 789 908
1 714 932
1 210 68
2 375 716
2 23 324
1 98 829
2 657 750
1 8 641
2 845 507
2 272 171
2 590 145
2 528 36
2 594 22
1 808 61
2 628 216
2 463 835
2 865 453
1 510 503
2 866 216
1 425 878
1 578 452
2 115 324
2 55 367
1 114 196
1 614 860
2 678 32
1 796 341
2 303 925
2 543 959
1 428 538
2 877 151
1 698 280
2 602 835
2 795 878
2 662 557
2 218 151
2 556 198
2 346 913
2 584 47
1 126 425
1 240 309
2 519 589
1 498 351
2 768 354
2 148 445
2 261 835
1 574 133
1 959 968
1 931 120
1 360 806
2 669 109
2 442 616
1 790 634
1 772 940
1 501 53
1 589 818
2 719 821
1 693 360
1 811 254
2 623 648
1 554 339
1 487 187
1 125 552
1 69 418
1 122 59
1 939 840
2 753 932
1 117 515
2 369 111
2 104 950
2 442 862
2 627 835
1 183 80
1 600 871
2 656 669
1 500 521
2 393 851
1 907 577
1 21 662
2 648 654
1 171 90
1 247 171
2 324 453
1 202 434
2 645 4
1 172 84
1 362 906
1 938 492
2 604 487
2 171 287
1 261 433
2 431 248
2 174 70
1 607 723
1 803 754
2 887 507
1 797 640
2 294 533
2 484 668
1 742 252
1 180 423
1 231 761
1 526 351
1 255 264
2 15 557
1 460 139
1 106 73
2 336 609
2 71 25
1 320 450
1 740 466
2 508 538
1 856 454
1 126 338
2 499 415
2 637 38
1 709 320
2 81 60
1 683 595
2 137 487
2 601 861
1 349 576
1 800 504
2 143 694
1 967 667
1 104 392
2 424 895
1 734 862
2 334 284
1 698 185
2 579 70
1 162 954
1 663 230
1 624 356
1 295 608
1 687 364
2 265 308
2 133 25
1 622 51
2 806 717
2 12 396
1 965 537
1 199 498
1 555 263
2 167 732
1 530 50
1 291 34
1 158 439
1 206 583
1 126 66
2 54 347
2 588 453
2 90 616
1 352 521
2 521 465
1 569 247
1 600 446
2 46 400
2 628 895
2 693 514
1 938 765
2 947 484
2 879 375
1 404 28
2 143 483
2 389 715
2 835 453
2 751 890
1 268 852
1 5 967
2 767 66
1 577 508
1 397 396
2 425 565
2 218 588
1 937 547
2 131 692
1 75 988
2 926 216
2 899 609
2 119 145
2 626 238
2 26 669
2 395 312
2 97 499
2 641 507
2 611 648
2 605 319
2 668 781
2 428 93
2 581 516
1 72 678
1 841 7
2 786 445
1 306 871
2 541 216
2 884 38
1 183 981
1 179 496
2 144 22
1 82 286
2 757 665
1 763 837
2 493 480
1 368 471
2 606 30
2 157 507
1 144 202
2 639 645
1 579 818
2 864 804
1 615 556
2 457 371
1 416 859
2 884 533
1 966 894
2 304 549
1 505 221
2 183 66
1 7 968
2 402 433
1 955 273
2 746 352
1 609 935
1 340 153
1 239 730
2 849 753
2 74 331
1 82 755
1 57 882
2 139 45
1 409 175
2 630 835
2 572 717
1 724 97
2 460 53
2 382 145
1 650 221
2 409 26
1 295 884
1 889 814
2 71 740
2 438 399
1 464 487
1 558 146
1 614 143
2 600 653
2 820 693
1 784 631
2 672 615
2 490 527
1 641 619
1 90 470
2 576 480
2 721 835
2 862 394
2 244 941
2 710 639
2 345 692
1 224 662
2 404 533
2 27 168
1 496 493
2 454 732
1 470 746
1 276 171
1 328 210
1 15 845
1 979 314
1 645 563
1 302 491
1 840 908
1 339 970
1 231 128
1 977 852
2 154 624
2 361 442
2 211 216
2 524 835
1 91 96
1 581 937
2 495 453
2 469 905
2 594 262
1 452 476
1 760 181
2 390 609
1 583 464
2 56 60
1 150 90
2 93 609
2 288 70
1 757 394
2 11 939
1 487 502
1 665 157
1 822 955
2 290 518
1 78 503
2 165 507
1 206 401
1 499 973
2 890 453
1 726 595
2 234 563
2 388 691
1 350 692
2 475 649
1 975 775
1 388 168
1 786 703
1 764 337
2 817 2
2 418 647
2 160 807
1 493 796
1 189 641
1 630 314
1 409 274
1 576 312
2 285 280
2 620 643
1 874 829
2 809 851
2 435 732
2 235 516
2 875 716
2 193 732
2 465 951
1 776 542
1 294 892
1 217 37
1 50 941
2 682 645
1 851 822
2 790 658
1 881 931
1 482 923
2 67 32
2 606 35
1 502 202
2 539 487
2 486 750
1 165 23
1 984 235
2 123 591
2 60 461
2 983 191
2 541 284
1 132 911
1 333 118
2 433 214
1 58 327
2 81 463
1 313 539
2 201 775
2 966 312
1 504 922
2 992 566
