999 991
383 437 289 37 49 75 87 788 573 94 595 11 540 59 283 398 87 464 742 193 169 780 777 777 84 87 209 229 829 861 134 777 467 164 777 784 726 158 822 114 657 286 143 143 282 22 861 578 315 211 115 87 265 890 63 242 837 945 649 317 94 468 0 383 376 193 4 209 708 524 523 22 211 154 191 184 717 890 516 878 753 887 775 282 130 625 320 492 317 777 82 777 788 753 777 788 379 467 541 754 124 324 301 743 567 704 353 777 126 701 143 777 338 11 301 130 774 128 764 584 976 209 847 262 195 682 229 797 579 202 797 777 933 443 434 84 540 143 18 162 292 790 578 777 98 211 657 286 631 94 11 315 326 540 109 892 136 195 104 743 794 480 59 22 888 892 100 754 287 600 939 421 567 522 777 657 265 560 542 315 480 432 652 640 163 211 87 467 497 640 439 567 764 373 412 956 434 788 157 732 383 315 282 980 141 457 286 788 383 374 579 214 743 777 856 949 265 75 282 94 350 381 898 183 211 542 904 84 171 383 183 94 84 292 475 282 723 421 567 777 300 211 12 690 933 987 300 43 777 320 315 524 75 782 128 921 879 984 315 784 984 631 342 74 140 84 211 84 562 777 754 777 956 82 879 275 780 652 544 25 567 892 618 701 589 981 777 90 571 562 317 956 86 34 87 269 348 124 282 286 399 777 87 484 467 963 432 272 994 822 205 541 164 134 733 11 567 209 286 0 777 300 788 822 376 211 649 43 793 596 143 159 135 134 856 690 11 143 480 11 292 837 777 342 764 414 958 104 11 143 11 629 11 143 172 11 520 82 439 953 571 226 317 777 305 532 143 176 777 573 159 63 300 315 578 87 229 383 743 211 141 98 261 640 987 154 898 701 275 567 62 369 267 5 11 567 956 94 969 22 723 774 82 211 22 417 87 921 605 383 777 959 699 777 693 63 868 34 554 777 49 949 428 47 94 788 956 98 777 948 338 975 218 890 829 567 777 912 467 303 682 660 11 227 11 790 669 69 383 676 22 290 43 326 777 245 127 211 562 777 777 614 303 192 717 665 229 229 94 812 571 195 631 649 315 452 133 383 443 701 159 936 22 645 315 794 777 69 338 398 967 777 939 573 355 844 777 74 530 94 267 739 22 226 595 100 690 777 22 98 414 469 788 218 312 743 480 37 976 51 497 777 993 567 63 969 379 172 432 890 270 993 993 467 171 413 373 157 292 852 499 342 172 790 143 211 398 567 794 467 672 443 777 84 126 443 154 708 262 159 176 578 376 94 777 649 285 777 135 107 682 567 170 275 339 945 87 873 205 976 945 162 432 941 530 520 649 124 91 286 777 567 326 94 172 467 245 777 379 777 159 292 141 87 428 777 308 87 231 282 544 11 69 719 743 285 315 25 94 378 465 783 499 12 303 530 499 790 87 753 567 218 547 532 753 143 326 292 912 659 596 916 184 432 131 126 892 912 374 511 956 573 497 43 74 317 649 300 890 443 777 849 640 107 172 421 317 544 87 173 930 292 320 134 562 777 629 777 708 279 354 94 467 797 770 285 560 286 226 777 128 191 708 829 282 286 383 211 743 289 567 939 49 446 444 285 847 993 379 987 467 467 980 197 452 383 383 428 227 339 143 226 94 197 994 399 931 567 12 159 324 173 285 169 383 457 157 355 286 211 11 285 777 753 777 315 397 36 682 994 522 383 956 432 236 21 732 432 788 443 303 326 13 777 94 127 921 11 202 21 844 163 383 573 988 199 888 104 383 956 117 618 11 143 690 777 11 338 339 282 993 457 43 484 43 292 811 339 285 945 22 556 631 993 209 211 82 123 567 530 777 154 87 777 84 269 172 578 231 457 797 62 443 373 383 497 317 342 790 567 676 797 777 471 338 315 788 229 16 195 640 682 516 399 87 0 467 898 753 993 87 12 790 11 286 172 739 777 218 87 939 743 832 183 777 777 541 777 898 547 516 174 334 852 348 164 797 11 238 211 596 569 873 157 262 383 794 154 334 51 788 36 708 912 292 777 743 788 443 115 195 956 782 953 777 94 197 939 743 154 300 22 567 162 282 812 22 939 883 904 540 487 790 649 777 777 743 818 883 162 945 90 777 832 467 777 777 996 525 528 229 303 355 197 699 324 981 173 355 124 494 669 37 69 143 126 11 467 878 732 87 797 847 614 708 936 124 443 272 170 567 690 231 788 279 353 904 956 904 315 342 195 956 91 739 229 187 542 618 209 777 873 383 576 969 398 93 353 82
223 224
190 189
646 647
203 204
37 36
633 634
989 990
555 554
134 135
928 927
142 143
194 195
241 240
556 555
871 872
404 403
218 219
797 796
964 965
994 993
319 320
327 328
805 804
983 982
64 63
597 596
755 756
894 893
562 561
577 576
522 523
772 773
536 535
36 35
116 117
793 794
874 873
963 962
951 952
973 974
423 422
792 791
390 389
996 995
301 300
819 818
256 255
23 24
487 486
89 90
886 885
615 616
654 653
833 832
194 193
667 668
425 424
675 676
524 525
718 719
812 813
211 210
817 816
364 365
330 331
526 527
945 944
544 545
694 695
196 197
302 301
721 722
96 95
141 142
484 485
897 896
571 572
901 902
618 617
754 755
225 226
541 540
629 630
986 987
611 610
245 246
869 868
446 445
99 98
842 841
618 619
339 340
736 735
835 834
417 416
197 198
496 497
374 375
160 159
295 296
182 181
518 519
594 593
698 697
620 619
115 114
965 966
785 786
408 409
752 753
66 65
216 215
637 638
906 907
395 394
378 379
131 130
649 648
76 77
172 171
483 482
477 478
430 431
978 979
62 63
772 771
828 827
539 538
853 854
109 110
288 289
71 72
440 439
578 577
791 790
5 4
153 152
54 55
998 999
663 664
648 647
967 968
175 174
545 546
882 883
844 843
371 370
19 20
991 990
182 183
281 280
769 770
102 101
765 766
650 649
354 355
248 249
880 879
986 985
268 267
444 445
61 62
240 239
59 60
614 615
348 347
256 257
264 265
779 780
359 358
744 745
710 711
475 474
920 921
316 315
892 893
760 761
951 950
746 745
136 137
94 95
853 852
373 372
43 42
386 385
436 435
877 878
323 324
784 785
395 396
114 113
910 909
97 98
702 701
208 207
391 390
988 987
198 199
496 495
797 798
747 746
418 419
73 72
466 465
898 897
677 676
294 295
258 259
220 219
961 962
238 237
583 584
589 588
148 149
630 631
491 490
28 29
878 879
78 79
210 209
636 635
7 8
324 325
254 255
413 414
655 656
655 654
861 862
909 908
109 108
451 450
812 811
205 206
23 22
993 992
510 511
848 847
13 14
512 511
389 388
153 154
651 650
579 578
37 38
355 356
631 632
664 665
238 239
787 786
275 274
994 995
313 314
768 767
686 685
922 921
58 59
497 498
826 825
480 481
335 334
882 881
49 50
932 931
242 243
155 154
270 271
233 232
505 504
881 880
580 579
79 80
133 134
559 560
662 663
469 468
200 199
534 533
289 290
669 670
838 839
410 409
363 364
850 849
437 436
135 136
927 926
380 381
144 145
31 32
639 638
917 918
634 635
488 487
709 710
824 825
626 625
92 91
724 725
454 453
865 866
237 236
592 593
657 656
859 860
421 420
261 262
553 554
936 937
604 603
88 89
189 188
19 18
337 336
415 414
91 90
297 298
877 876
384 383
165 164
530 531
185 184
726 727
5 6
573 572
725 726
934 933
15 14
508 509
265 266
682 683
163 162
426 427
235 234
434 435
849 848
594 595
247 246
692 691
899 898
625 624
147 148
222 221
428 429
460 461
989 988
298 299
591 590
267 266
499 500
243 244
282 281
317 316
263 262
192 193
743 742
520 521
751 752
947 948
6 7
180 179
277 276
550 551
463 462
709 708
13 12
967 966
597 598
430 429
582 581
401 402
813 814
478 479
145 146
596 595
764 763
451 452
365 366
48 49
680 679
672 673
783 782
585 584
502 503
569 568
216 217
475 476
346 345
501 500
2 1
64 65
781 780
94 93
443 442
895 894
34 35
369 370
740 741
465 464
937 938
448 449
447 446
495 494
569 570
668 669
514 513
971 972
463 464
864 863
156 155
67 68
407 408
553 552
425 426
789 788
822 823
600 599
449 450
437 438
413 412
890 889
802 801
806 805
442 441
905 904
186 187
311 312
598 599
708 707
558 557
190 191
900 901
777 776
762 763
330 329
919 920
212 211
93 92
58 57
460 459
865 864
308 309
666 667
799 800
133 132
817 818
104 103
628 627
230 229
129 130
929 928
303 302
589 590
645 646
251 252
819 820
167 166
116 115
73 74
857 856
933 932
380 379
331 332
749 748
980 981
225 224
696 695
826 827
533 532
472 471
689 690
958 957
529 528
688 687
102 103
474 473
320 321
493 494
686 687
544 543
693 692
706 707
338 337
431 432
276 275
368 369
673 674
980 979
507 506
232 231
605 604
906 905
824 823
253 252
620 621
912 913
284 283
362 363
286 287
170 169
161 162
357 356
10 9
846 847
405 406
969 968
960 959
778 777
734 735
206 207
931 930
998 997
83 82
227 228
204 205
361 362
603 602
441 440
461 462
411 410
28 27
809 808
939 940
236 235
231 230
970 969
715 714
372 371
699 700
872 873
310 309
705 704
514 515
821 820
518 517
101 100
982 981
949 948
382 383
891 890
287 288
794 795
682 681
86 87
311 310
991 992
548 547
562 563
78 77
760 759
729 730
624 623
368 367
264 263
703 704
950 949
610 609
404 405
583 582
321 322
832 831
158 157
863 862
150 151
434 433
30 29
762 761
47 48
351 350
273 274
472 473
220 221
179 178
671 672
360 359
158 159
307 306
217 218
67 66
428 427
226 227
304 305
46 47
2 3
733 732
637 636
652 653
930 929
282 283
753 754
532 531
580 581
747 748
456 455
571 570
678 679
176 175
876 875
308 307
535 534
30 31
185 186
140 141
731 730
666 665
622 623
702 703
387 388
416 415
68 69
457 458
564 565
45 44
936 935
393 392
759 758
168 167
208 209
657 658
328 329
926 925
874 875
39 38
733 734
605 606
722 723
25 26
943 944
612 613
680 681
946 947
8 9
233 234
140 139
163 164
715 716
74 75
900 899
213 212
757 756
828 829
917 916
177 178
247 248
522 521
939 938
717 716
503 504
349 350
373 374
181 180
975 974
468 467
507 508
299 300
402 403
245 244
976 975
280 279
476 477
652 651
303 304
790 789
720 721
698 699
20 21
601 600
923 922
293 294
713 714
803 802
978 977
924 925
807 806
771 770
857 858
361 360
633 632
838 837
867 868
800 801
312 313
915 916
284 285
399 398
131 132
71 70
834 833
954 955
779 778
902 903
335 336
972 973
697 696
720 719
214 213
809 810
125 126
841 840
860 861
959 958
519 520
165 166
137 138
290 291
393 394
327 326
565 566
616 617
187 188
125 124
740 739
97 96
538 537
764 765
401 400
39 40
278 279
120 119
540 539
160 161
749 750
392 391
840 839
117 118
830 829
306 305
842 843
149 150
743 744
856 855
41 42
100 99
608 609
767 766
798 799
249 250
318 319
333 332
908 907
946 945
44 43
914 915
517 516
11 10
607 606
751 750
670 671
270 269
552 551
122 121
344 345
489 490
953 952
831 830
52 53
349 348
52 51
592 591
385 384
352 353
528 527
325 326
711 712
792 793
924 923
16 15
41 40
953 954
173 172
911 912
960 961
640 641
846 845
683 684
491 492
612 611
728 729
341 342
549 548
399 400
277 278
260 259
837 836
292 293
956 955
492 493
705 706
420 419
458 459
200 201
341 340
84 85
613 614
523 524
956 957
773 774
642 641
417 418
644 643
855 854
82 81
783 784
556 557
439 438
859 858
53 54
525 526
107 108
822 821
268 269
567 566
621 622
228 229
530 529
480 479
741 742
215 214
573 574
575 574
844 845
32 33
261 260
21 22
453 452
886 887
977 976
26 27
87 88
386 387
143 144
70 69
559 558
675 674
560 561
815 814
51 50
34 33
421 422
470 471
758 757
376 377
983 984
690 691
884 883
887 888
509 510
382 381
866 867
803 804
46 45
781 782
997 996
412 411
347 346
123 122
869 870
202 201
322 323
639 640
106 107
61 60
488 489
128 129
662 661
292 291
685 684
576 575
870 871
738 739
884 885
512 513
852 851
718 717
483 484
168 169
250 251
157 156
241 242
202 203
146 147
835 836
542 541
454 455
712 713
398 397
850 851
568 567
911 910
128 127
24 25
432 433
775 774
547 546
56 57
738 737
731 732
585 586
424 423
297 296
56 55
469 470
317 318
542 543
723 724
896 895
645 644
75 76
660 661
191 192
444 443
367 366
629 628
788 787
354 353
700 701
737 736
285 286
807 808
407 406
537 536
934 935
586 587
506 505
485 486
106 105
253 254
184 183
498 499
775 776
81 80
196 195
815 816
608 607
481 482
152 151
678 677
170 171
120 121
727 728
811 810
626 627
502 501
985 984
83 84
941 940
351 352
918 919
456 457
964 963
271 272
658 659
913 914
587 588
339 338
942 943
118 119
659 660
272 273
941 942
376 375
124 123
3 4
515 516
643 642
113 112
892 891
111 110
549 550
342 343
904 903
126 127
17 18
689 688
11 12
315 314
139 138
602 601
889 888
85 86
796 795
447 448
111 112
467 466
694 693
343 344
333 334
378 377
358 357
17 16
173 174
971 970
105 104
769 768
564 563
177 176
223 222
397 396
257 258
1 896 997
2 176 968
1 640 305
1 835 837
1 599 413
1 408 850
2 249 984
1 185 919
1 217 514
2 923 492
1 920 922
2 521 317
1 825 995
2 381 275
2 512 62
2 362 159
2 531 317
1 169 568
2 401 69
1 364 664
2 5 777
2 359 326
1 73 762
1 450 475
2 955 383
2 352 660
2 449 968
2 736 777
1 74 267
1 737 908
2 684 560
1 92 832
2 853 282
2 328 446
2 69 743
1 676 820
2 276 315
2 398 814
1 383 242
1 10 739
2 919 231
1 470 903
2 464 383
2 882 270
1 105 204
1 924 63
1 141 272
1 286 649
2 527 282
2 984 398
2 303 956
2 207 172
1 491 207
1 791 195
1 713 229
1 775 332
1 766 828
2 134 211
1 615 208
2 719 888
2 747 701
1 537 395
1 463 782
2 657 887
2 605 777
2 655 497
2 202 560
2 521 87
2 729 124
2 926 949
1 403 403
2 516 100
2 298 217
2 369 457
2 891 743
2 688 638
1 684 815
1 738 589
2 417 774
2 684 753
1 87 695
2 365 286
2 724 841
2 374 556
2 824 413
2 351 84
1 885 927
2 474 525
1 688 128
1 424 76
2 119 171
2 239 93
1 40 614
1 265 143
2 10 873
2 159 916
1 804 179
1 431 776
2 558 292
2 352 229
1 21 614
1 404 294
1 737 338
1 879 543
1 357 840
1 621 244
1 799 436
1 294 512
1 125 63
2 863 777
2 477 578
2 770 899
2 826 294
2 88 199
2 647 282
1 609 815
1 45 462
1 557 631
1 338 231
2 356 467
1 754 615
1 651 863
2 5 339
1 852 342
1 898 329
1 714 391
1 894 793
2 525 282
2 474 184
2 580 475
2 195 505
1 59 144
2 293 996
2 634 898
2 682 578
2 791 270
1 584 793
2 297 94
2 786 52
2 332 777
2 79 987
1 940 779
2 689 878
2 868 861
1 285 686
2 304 852
2 815 777
1 865 474
2 727 190
1 740 294
1 977 21
1 475 941
2 602 89
1 83 629
1 768 253
1 995 278
2 40 172
2 232 788
2 379 124
2 392 376
1 131 798
1 790 846
1 429 554
2 776 229
1 29 214
2 25 393
2 118 788
1 49 436
1 675 405
2 223 777
1 739 974
1 305 106
1 858 431
1 807 358
1 21 367
2 501 193
2 551 993
1 705 167
2 110 378
1 928 508
2 902 639
2 727 22
1 158 468
1 515 505
2 881 516
2 745 439
2 381 732
2 267 143
2 914 528
2 141 275
1 337 737
1 914 281
1 101 128
2 605 788
2 641 777
1 518 316
2 699 777
1 301 90
2 90 844
2 24 11
1 479 290
2 759 954
2 887 439
2 439 967
1 503 588
2 818 878
2 605 522
2 414 777
2 948 143
2 37 524
2 327 618
2 720 439
1 381 771
2 748 350
2 56 339
1 183 410
2 33 290
2 266 457
1 867 61
1 471 560
1 935 521
1 596 960
1 367 159
2 68 492
2 22 303
2 431 143
1 252 671
2 901 94
2 961 25
2 521 726
1 760 986
2 720 11
1 598 523
1 561 392
1 485 9
2 873 143
2 544 557
1 821 577
1 836 166
2 100 133
1 805 269
1 840 568
2 364 618
2 755 659
2 482 788
2 880 383
1 851 219
1 147 408
2 313 540
1 653 985
2 640 124
1 209 45
1 672 253
2 117 94
2 328 956
1 328 433
1 266 876
2 392 136
1 607 828
2 592 636
1 586 809
2 350 790
1 602 778
1 380 405
1 242 506
1 674 88
2 550 690
2 851 136
2 398 763
2 26 428
1 835 833
2 68 317
1 845 485
2 969 173
2 475 238
1 562 225
2 830 777
2 412 647
1 891 672
2 861 956
2 413 638
2 186 126
1 670 331
1 694 628
2 654 414
2 878 11
1 850 536
1 836 398
2 228 987
2 630 36
2 356 467
1 428 358
1 758 552
1 387 592
1 692 319
1 635 240
2 171 649
2 288 11
1 835 478
2 213 941
1 163 8
1 520 334
2 73 883
1 383 747
1 420 342
1 659 309
2 381 143
2 135 286
2 612 649
1 144 732
2 151 100
2 204 892
1 768 788
1 515 594
1 575 786
2 602 573
1 755 626
1 41 753
2 296 904
2 746 315
2 24 708
2 202 585
2 709 834
2 303 682
1 808 490
2 197 931
2 823 892
1 576 711
1 461 778
2 596 669
2 910 956
1 849 690
2 369 732
2 541 323
2 749 282
2 413 890
1 910 717
2 621 465
2 400 134
1 576 480
1 574 982
2 265 662
1 568 955
2 972 82
2 272 54
2 199 777
2 915 25
1 335 301
2 777 379
2 975 925
2 958 350
2 186 315
1 141 967
1 251 606
1 818 785
2 652 107
1 667 57
2 686 292
1 285 181
2 362 422
1 512 457
1 646 598
1 332 3
1 656 694
1 441 77
2 156 124
1 930 583
1 238 788
2 138 569
2 28 892
1 485 655
1 83 623
2 803 172
1 217 945
2 293 569
1 742 165
1 326 54
2 114 969
2 442 192
2 804 811
2 459 193
1 801 982
1 16 466
2 679 669
2 325 850
2 489 465
2 543 276
2 871 286
2 443 218
2 979 649
2 124 69
2 106 788
1 290 266
2 8 636
1 914 488
2 452 567
1 212 691
2 405 317
2 989 323
1 819 926
1 486 381
1 911 14
2 177 743
2 804 788
2 292 317
2 88 589
2 498 9
2 565 286
2 841 211
1 768 581
1 867 670
1 599 165
2 764 11
1 814 93
2 429 236
1 932 239
1 534 221
1 493 133
1 682 169
1 981 911
2 652 912
2 816 777
1 19 482
1 111 56
1 819 432
2 776 515
2 716 471
1 567 266
1 735 521
1 647 337
2 121 368
2 643 936
2 844 286
2 618 82
2 50 672
2 587 369
2 599 448
1 583 86
1 105 694
2 160 109
2 81 334
2 171 316
1 311 671
2 421 195
1 596 330
2 702 578
2 390 777
2 475 467
1 887 784
1 310 579
1 441 739
2 216 229
2 605 777
2 191 305
1 520 129
2 132 492
1 801 616
1 245 394
2 30 657
1 608 375
2 67 584
1 805 578
1 187 889
2 492 229
2 620 195
2 58 317
1 674 844
1 786 730
1 259 810
2 633 94
2 69 567
2 646 595
1 536 422
2 485 878
1 476 124
1 262 527
2 825 286
1 555 398
2 365 645
2 142 463
2 195 348
2 684 793
1 106 87
1 782 518
2 624 342
2 151 963
2 213 777
1 329 732
2 745 428
2 210 242
2 329 967
2 171 383
1 975 806
2 213 613
2 372 768
2 512 294
2 252 11
2 702 699
1 931 763
2 635 499
2 8 777
1 992 712
2 798 743
2 399 665
2 279 282
1 631 154
1 719 628
2 368 54
2 849 499
2 530 173
2 270 315
2 701 37
2 788 216
2 74 732
2 622 262
2 494 141
2 840 497
1 155 945
2 484 22
1 13 51
1 510 423
2 26 834
1 448 891
2 751 629
1 150 66
1 451 631
2 448 916
2 393 742
1 425 775
1 195 64
1 617 600
1 418 126
2 28 887
1 806 85
2 872 969
2 222 87
2 486 669
2 821 43
1 596 386
1 378 660
1 697 228
2 541 320
2 893 856
1 696 271
1 306 11
2 781 87
2 896 777
1 928 337
1 33 672
1 692 433
2 638 369
2 381 50
1 663 106
1 934 560
2 663 282
2 717 142
2 829 413
2 884 218
1 557 682
1 708 95
1 815 885
2 493 753
1 317 558
2 876 832
1 697 690
1 369 770
2 394 739
2 977 494
1 659 665
2 754 515
2 358 283
1 169 308
1 445 891
2 361 987
1 770 195
1 259 476
2 326 286
1 868 459
2 533 12
2 72 708
1 456 11
1 482 240
1 374 680
2 949 124
2 863 544
2 339 708
1 251 259
1 709 789
2 318 25
1 913 183
1 642 541
1 881 976
2 280 573
1 718 627
2 228 657
1 68 89
1 45 962
2 833 100
2 131 414
2 32 51
2 573 480
2 549 11
1 846 273
1 192 412
1 664 501
1 752 172
2 433 780
2 33 892
2 980 649
2 967 302
2 346 176
2 570 834
2 561 542
1 973 993
1 193 26
2 84 849
2 983 433
2 581 710
1 304 906
1 33 679
2 836 286
1 356 859
1 472 222
1 185 430
2 928 292
2 214 777
1 544 868
1 246 274
2 152 953
2 549 54
1 313 953
2 890 159
2 112 660
2 542 197
2 372 11
1 704 618
1 291 885
1 565 136
1 995 404
1 844 257
1 797 580
1 919 739
1 780 691
1 941 397
2 375 873
1 711 978
1 596 447
2 450 116
1 853 435
2 828 770
2 128 878
1 585 104
2 277 963
2 392 54
2 115 183
2 94 905
2 540 176
1 718 578
2 871 317
1 871 408
1 548 24
2 371 179
2 791 605
2 641 269
2 899 530
1 218 550
1 21 844
1 598 454
1 671 512
2 79 660
2 820 211
2 694 987
2 337 851
1 811 679
2 496 215
2 764 354
2 327 777
1 499 852
1 12 31
1 872 81
1 192 3
1 815 191
1 328 468
1 7 536
1 961 246
2 587 904
1 416 837
2 986 956
2 17 777
2 98 69
2 100 124
1 9 517
1 195 819
2 730 669
2 695 124
2 986 211
1 823 876
1 944 70
1 948 761
1 224 183
2 850 553
1 367 242
2 904 567
1 363 168
1 708 520
1 438 833
1 33 453
2 102 172
1 862 227
2 45 350
2 520 464
2 480 159
1 21 903
2 189 567
1 427 535
1 261 271
1 713 711
2 918 139
1 863 901
2 845 383
1 680 875
2 186 289
2 807 606
2 302 142
1 837 973
1 826 140
1 537 742
2 511 275
2 413 777
1 907 871
2 782 554
1 44 273
1 340 792
2 293 936
1 985 60
2 125 348
1 585 67
1 682 350
2 235 960
2 106 291
1 776 966
2 768 282
1 560 927
2 891 856
1 950 429
2 601 91
2 667 127
1 736 129
2 288 777
1 624 358
2 309 173
2 304 797
2 949 143
2 617 708
2 46 4
1 790 463
1 958 134
2 805 211
2 842 334
1 918 372
1 941 367
2 693 174
2 937 788
2 12 868
2 647 908
1 111 610
1 962 307
1 70 390
2 551 428
1 922 751
1 8 201
1 582 677
1 134 457
1 503 904
1 18 969
1 346 799
1 653 138
1 761 434
2 687 649
2 439 4
2 358 686
2 35 990
1 210 110
2 114 578
1 84 736
2 601 109
1 738 217
2 172 315
2 427 12
1 63 490
1 280 944
1 455 126
1 283 607
1 700 222
2 436 94
1 576 630
2 512 282
2 205 956
2 879 777
1 369 344
2 33 211
1 876 209
1 483 931
1 423 864
1 481 910
2 830 701
1 378 925
2 216 292
1 103 625
2 165 567
1 403 850
1 330 133
1 261 869
2 843 154
2 472 282
2 948 94
1 873 91
2 422 171
2 48 348
1 613 576
1 463 147
1 595 468
2 183 682
2 791 963
1 837 604
1 758 625
1 567 195
1 338 860
1 431 742
1 8 445
2 154 87
2 341 270
2 724 86
2 507 154
2 111 301
1 454 669
1 367 948
1 227 102
1 968 677
2 132 69
2 163 557
2 463 128
2 799 171
1 434 185
2 209 11
1 877 302
2 544 211
2 646 956
2 323 16
1 59 927
2 748 11
1 573 114
2 127 898
1 30 295
1 354 255
1 655 43
2 412 777
2 471 499
1 608 321
1 254 281
1 697 372
1 529 625
2 371 956
1 666 12
2 920 124
1 681 273
1 684 744
2 733 639
1 54 857
1 334 559
1 424 38
2 49 916
2 826 777
1 838 709
2 517 172
1 508 410
2 252 104
2 448 822
1 305 63
1 582 390
2 620 292
2 603 513
2 668 172
2 96 292
2 479 777
2 607 22
1 137 634
1 198 920
2 978 417
1 87 167
1 777 11
1 465 278
2 398 87
1 228 891
1 59 590
1 92 243
2 725 159
2 645 870
1 22 395
2 188 497
1 198 464
2 194 647
2 506 91
1 397 469
2 706 567
1 948 164
2 71 987
1 886 844
2 1 956
1 997 190
1 461 438
2 729 524
2 123 59
1 311 995
1 388 547
1 551 876
1 846 578
2 690 164
1 717 515
2 906 176
2 63 777
1 244 960
2 633 528
1 347 404
2 613 315
1 489 9
1 786 831
1 510 724
1 25 222
1 70 439
2 832 353
1 793 47
2 582 942
1 985 852
1 839 127
2 847 541
1 397 157
1 121 653
2 62 69
2 500 22
2 871 814
1 917 735
2 524 777
1 376 911
2 221 9
1 446 465
1 603 256
1 974 832
1 250 637
2 429 582
2 573 834
1 27 969
1 33 648
1 944 909
2 826 267
2 291 159
2 266 28
2 98 360
2 454 43
1 919 525
1 440 411
2 409 904
1 775 278
1 403 195
2 277 303
2 392 743
1 159 833
1 410 551
1 986 243
2 512 0
2 922 195
2 807 432
1 804 496
2 998 640
1 922 36
2 78 788
2 911 790
2 462 777
1 424 400
1 327 871
2 37 143
2 127 104
1 623 207
1 276 658
2 312 229
2 274 956
1 173 323
2 274 342
1 392 407
1 982 641
2 963 904
