991 999
65 793 564 809 480 585 939 500 712 755 327 392 511 809 493 15 613 845 741 469 670 773 712 924 327 324 459 931 890 36 524 90 570 699 15 693 931 939 809 877 363 987 976 809 924 506 16 60 415 483 809 949 729 182 751 500 62 242 117 793 265 809 219 670 236 507 270 51 199 931 415 88 120 931 931 347 314 466 905 927 953 905 372 935 70 610 4 882 404 15 676 212 594 927 384 501 905 62 829 611 959 966 213 188 652 406 731 99 699 809 966 809 199 564 103 315 88 768 279 511 884 539 177 640 442 321 581 122 270 546 459 214 340 557 458 382 206 314 199 314 51 103 557 316 882 809 539 51 327 793 39 953 809 748 62 120 327 88 693 905 370 646 240 38 731 315 931 341 923 103 959 115 793 497 935 58 363 236 670 614 839 243 515 586 236 65 230 383 236 458 145 851 158 304 924 103 613 665 103 507 621 511 748 748 768 748 539 935 809 511 809 776 809 751 500 728 809 48 15 809 365 103 105 51 24 107 809 219 957 648 564 59 37 265 492 693 98 439 484 501 689 336 199 270 586 65 751 751 757 199 363 905 81 809 28 876 236 957 594 864 497 109 314 37 699 670 970 460 500 372 923 268 359 670 260 107 699 282 265 344 689 824 927 931 931 956 508 363 383 809 228 304 809 959 792 942 529 267 741 755 439 809 770 731 963 228 944 905 652 236 37 348 809 620 710 594 966 748 435 524 959 336 469 213 507 913 741 51 741 183 62 154 809 67 298 314 749 124 435 574 905 931 414 24 108 863 304 199 103 372 515 809 466 751 279 939 103 314 314 103 79 627 594 891 941 41 529 128 507 809 931 228 931 455 621 809 693 751 314 606 406 660 37 468 561 660 493 570 620 627 460 927 304 392 492 529 243 809 524 809 0 830 757 768 197 190 444 829 809 485 751 924 660 79 62 927 212 371 198 36 90 809 16 62 472 392 265 808 371 480 666 971 497 372 594 224 959 184 243 300 415 370 60 757 511 863 511 847 166 360 62 507 741 913 578 442 857 957 511 570 966 731 508 62 285 175 755 497 809 441 392 392 480 365 967 398 829 216 931 793 693 809 315 340 953 957 595 773 16 108 233 670 890 923 341 857 809 393 430 24 199 107 461 751 515 285 90 839 173 594 470 199 371 699 367 15 41 277 314 793 670 82 809 699 693 809 103 242 809 757 314 62 468 182 748 699 264 530 195 59 987 511 219 67 931 731 809 309 372 809 2 277 731 673 585 373 316 511 676 627 670 809 773 70 360 763 12 213 830 375 62 574 632 508 107 514 15 620 742 508 738 561 546 395 670 511 748 41 62 390 857 199 511 987 789 741 39 966 441 462 442 931 314 199 726 812 729 956 716 327 372 770 840 507 923 586 571 507 611 699 198 59 315 511 850 298 124 451 435 515 103 813 24 0 931 109 88 878 0 731 847 666 42 778 809 931 469 751 920 75 809 931 107 511 924 884 199 966 632 314 461 175 88 175 525 483 145 541 190 542 878 147 98 890 789 103 970 793 613 689 809 832 907 524 324 809 449 809 517 652 62 741 99 586 699 507 492 363 793 539 699 304 809 801 492 468 314 484 506 459 62 507 570 507 851 199 931 586 751 468 158 539 908 809 742 95 511 660 611 953 99 340 508 931 731 809 691 298 561 712 586 830 314 931 60 959 515 699 748 676 214 175 931 499 422 195 199 957 372 367 571 863 987 956 812 931 959 277 109 905 789 792 878 205 48 244 199 508 590 693 188 230 824 458 59 314 966 507 115 107 392 934 830 541 676 863 220 199 327 314 62 627 233 927 244 586 146 360 847 670 987 36 492 931 789 383 809 863 809 657 613 699 751 668 878 17 314 60 882 809 613 506 809 379 468 511 594 809 443 58 359 304 393 24 840 873 768 73 336 480 0 708 666 751 441 62 117 586 923 348 15 507 395 314 154 441 729 0 336 175 469 103 606 666 82 689 28 506 145 931 88 578 511 751 67 128 778 216 90 507 363 449 59 905 506 103 541 818 184 970 98 666 499 24 830 282 676 614 987 657 375 406 935 742 700 199 347 632 561 751 444 809 468 441 809 652 812 931 342 507 809 190 228 469 670 646 277 451 95 15 741 809 492 853 395 382 546 145 442 539 966 594 327 315 824 363 103 985 809 813 632 731 775 236 240 632 398 65 497 755 561 206 809 213 966 415 415 16 435 855 944 931 444 282 959 304 809 809 611 22 67
137 462
877 896
508 719
823 457
960 57
67 348
318 129
897 685
98 637
552 829
263 287
816 143
497 610
349 49
843 322
917 592
981 172
922 900
976 832
867 55
642 734
417 279
958 572
988 849
792 698
616 343
108 162
914 155
759 884
920 156
191 390
23 157
829 908
82 963
525 433
1 560
825 233
215 405
701 105
860 580
186 202
372 963
962 529
185 487
965 890
982 280
327 297
569 86
578 875
849 627
888 936
140 375
987 185
468 258
198 817
20 403
52 724
865 889
38 458
628 923
873 242
973 953
492 113
635 332
714 238
377 985
2 635
877 26
344 636
40 579
833 643
79 860
474 566
131 85
894 581
931 491
928 491
177 230
861 499
638 432
224 328
463 305
790 569
441 525
243 402
197 683
282 557
328 285
254 607
601 13
555 206
758 456
732 110
679 833
439 298
766 89
168 314
533 167
640 646
156 266
535 852
559 590
292 729
30 280
56 836
227 922
232 591
467 609
127 865
799 481
816 60
894 21
339 267
67 594
791 644
496 634
473 360
64 605
359 902
455 412
106 277
818 27
968 781
801 735
65 256
512 526
274 123
40 625
409 599
960 401
252 915
928 371
786 21
818 728
972 367
455 297
661 484
758 696
87 950
890 161
424 671
489 180
546 231
113 522
598 952
465 30
231 845
592 913
580 859
563 632
853 790
31 51
38 574
584 385
782 511
109 376
603 840
370 121
715 574
419 789
83 464
535 941
733 487
601 805
778 114
482 988
534 537
249 261
415 856
251 741
191 954
198 132
534 971
257 791
178 387
29 558
602 139
516 805
406 310
375 351
55 14
256 134
188 362
163 873
360 392
358 724
810 553
222 755
636 458
398 268
118 229
689 573
153 470
409 174
147 954
283 700
778 714
957 767
731 242
488 410
304 633
796 455
648 154
704 725
681 58
475 506
68 786
215 554
777 14
621 270
571 668
936 630
709 76
267 503
537 606
436 385
624 564
322 497
933 289
89 68
837 760
549 165
494 845
356 169
353 953
206 876
436 223
829 898
979 319
775 321
745 352
557 680
660 169
86 945
908 204
227 407
308 49
354 408
222 964
90 537
535 657
479 788
414 619
808 188
751 96
572 46
846 18
457 913
89 631
72 342
22 112
609 213
718 447
828 179
184 945
342 532
453 740
419 709
169 500
879 349
201 319
857 871
894 428
449 286
991 641
379 635
738 806
531 774
720 217
688 736
305 621
764 918
869 990
565 512
491 900
105 672
312 548
511 628
170 662
926 281
545 345
351 512
730 881
237 785
437 122
549 584
153 123
819 536
603 820
23 745
543 259
73 910
653 961
575 247
357 632
116 320
739 413
351 8
608 544
88 842
94 259
229 196
442 788
244 74
220 510
452 454
370 386
905 179
508 232
171 496
514 162
222 483
304 574
38 805
399 258
92 10
163 103
365 1
99 698
400 929
468 897
62 735
534 862
434 619
850 477
766 826
965 530
684 655
81 306
208 126
200 177
556 95
159 283
373 364
257 662
202 410
270 133
277 209
480 435
179 790
486 501
316 205
916 809
727 186
368 461
670 492
316 262
600 876
757 963
866 764
81 397
324 478
587 139
506 2
334 513
731 539
437 247
495 740
444 361
207 295
571 983
524 107
866 690
250 629
260 475
639 848
199 421
228 749
253 556
319 253
541 545
744 383
184 350
844 134
556 877
378 936
376 913
595 240
362 490
39 463
721 623
492 398
782 445
527 705
911 378
872 509
573 319
818 598
226 550
170 989
126 8
287 49
834 844
784 411
84 420
673 46
970 138
567 777
278 979
107 521
327 18
169 968
159 918
34 311
192 660
659 719
264 480
151 716
127 32
986 961
368 284
118 494
787 773
438 117
481 782
392 705
329 214
957 732
369 699
612 653
320 614
6 63
797 56
607 340
5 535
288 927
749 440
187 750
958 529
309 160
895 44
273 211
570 549
29 871
940 584
975 682
627 114
448 567
43 706
41 710
135 39
123 737
765 726
382 254
652 357
873 515
693 12
717 328
851 346
791 949
779 289
885 516
734 547
880 503
38 25
222 67
73 505
584 238
205 233
839 318
16 719
102 412
74 540
457 809
752 768
912 633
100 711
426 838
488 886
210 930
538 590
178 496
695 713
512 865
97 293
838 93
470 473
907 80
889 840
314 12
823 427
78 578
611 859
528 491
301 756
975 17
733 29
475 542
365 804
257 507
707 193
128 111
167 793
227 206
763 27
148 93
681 354
983 467
878 810
817 613
347 187
6 480
296 701
891 513
948 186
416 457
355 454
859 738
335 553
674 80
929 663
788 70
203 141
881 7
75 578
642 83
571 446
908 168
789 142
811 938
675 323
923 991
45 431
804 608
803 952
967 511
946 70
658 899
836 886
645 413
88 386
88 326
649 336
189 246
485 68
749 615
3 312
504 728
115 991
237 583
202 541
830 51
243 720
776 26
920 950
796 850
152 717
367 768
427 691
370 438
324 283
93 78
929 401
302 409
334 803
225 687
622 204
48 317
382 835
277 602
955 904
109 557
908 638
282 451
726 175
549 943
383 488
291 780
770 921
658 486
813 956
870 575
37 431
303 607
716 198
47 331
819 415
424 332
723 497
791 932
830 287
221 209
623 512
403 156
802 518
145 456
477 150
471 953
604 956
276 852
387 84
468 822
526 33
369 691
231 141
559 645
353 919
504 240
617 147
800 658
441 688
783 13
195 770
269 238
341 378
149 255
686 326
904 124
220 626
398 370
214 985
253 104
275 278
812 28
77 687
745 535
893 120
728 8
810 735
253 164
570 207
201 241
406 447
824 170
687 568
748 589
472 329
443 552
401 139
921 498
149 759
344 841
267 827
694 725
309 689
321 813
666 789
155 521
429 684
483 863
218 756
85 486
901 902
466 20
474 573
405 970
656 971
270 628
947 422
54 821
133 374
706 821
211 872
331 52
71 243
393 953
924 774
251 767
752 776
395 95
590 736
713 399
712 978
92 895
418 470
909 8
698 367
620 742
562 858
239 725
5 226
387 301
985 14
889 906
333 605
81 547
757 759
827 48
969 975
780 460
53 158
753 23
288 785
190 439
453 105
851 367
912 532
318 159
175 65
71 6
363 562
51 578
856 561
608 174
739 770
362 729
773 832
728 576
185 887
9 875
657 144
888 712
493 79
772 518
919 55
95 336
783 952
464 748
251 762
692 986
80 711
466 177
657 624
868 173
779 959
962 871
972 750
519 273
769 627
815 632
382 371
42 871
459 61
625 906
300 506
968 117
593 261
246 845
11 136
654 15
665 147
684 187
765 392
910 660
462 944
163 184
924 572
394 291
694 667
15 554
675 452
708 824
438 864
563 544
112 939
821 801
687 676
139 64
298 760
807 113
960 747
637 858
903 175
234 611
571 450
761 97
286 688
289 96
486 187
81 205
699 325
739 882
141 400
457 162
36 313
618 544
718 380
795 500
49 789
715 116
236 517
302 469
799 388
121 477
743 306
376 359
535 596
111 4
19 767
883 854
619 380
311 964
17 831
980 692
935 311
137 597
122 577
389 616
235 855
846 331
495 146
211 641
656 217
71 543
332 464
789 311
868 606
702 69
791 565
628 976
421 575
927 593
199 823
613 984
760 22
682 939
69 530
942 815
299 237
60 781
925 655
854 207
33 423
19 551
406 493
186 924
881 294
198 4
404 51
482 896
953 307
934 376
817 98
650 213
958 749
697 863
281 408
157 990
937 366
446 182
617 784
643 467
154 942
296 181
104 466
232 848
133 540
956 970
130 59
905 217
633 793
256 118
489 215
868 767
794 949
177 124
523 815
710 284
375 285
59 235
290 190
414 293
166 687
823 396
659 476
447 143
338 970
146 751
888 676
732 861
28 704
520 308
799 490
125 697
289 11
714 881
938 641
497 544
30 467
165 647
384 209
977 407
50 570
658 848
984 420
24 361
391 621
650 809
597 406
284 224
822 667
212 651
58 485
243 821
664 626
585 474
620 444
640 46
12 188
365 168
939 107
430 442
674 937
947 830
279 161
790 210
981 291
726 267
536 754
712 483
145 388
892 940
91 440
561 131
284 379
428 272
531 245
787 66
248 14
241 119
727 974
876 12
183 416
847 654
563 56
669 413
442 407
986 101
703 872
622 381
408 759
102 951
185 148
697 271
58 683
588 747
337 456
520 775
784 835
4 500
760 583
194 165
236 222
579 315
203 431
981 417
509 246
814 178
393 421
893 652
405 250
651 480
288 418
7 874
645 974
361 263
49 176
293 926
519 937
135 36
343 702
947 678
412 819
153 700
966 562
582 242
312 123
513 677
265 895
586 509
578 707
265 517
425 100
487 510
218 172
527 751
612 781
305 364
806 771
484 744
522 502
40 330
855 51
216 579
452 672
743 252
35 144
798 272
878 437
158 667
196 722
746 82
956 160
298 173
417 624
671 446
694 601
244 219
459 884
340 772
1 706 166
1 93 9
1 387 256
1 802 871
1 914 857
1 27 853
1 89 975
1 881 765
1 839 257
1 255 499
1 890 347
1 898 401
1 163 421
1 42 132
1 376 329
1 238 140
1 690 941
1 464 514
1 198 43
1 174 428
1 989 90
1 398 926
1 297 863
1 428 664
1 757 745
1 374 747
1 792 254
1 315 841
1 357 795
1 263 127
1 352 182
1 756 605
1 627 465
1 769 956
1 522 966
1 746 360
1 9 461
1 327 729
1 130 991
1 725 406
1 384 985
1 988 571
1 930 555
1 372 834
1 346 550
1 184 500
1 122 301
1 850 425
1 327 862
1 210 143
1 203 155
1 774 519
1 806 646
1 648 356
1 676 365
1 653 842
1 954 83
1 387 322
1 726 835
1 347 485
1 501 338
1 497 574
1 152 284
1 507 924
1 350 423
1 669 267
1 751 763
1 551 389
1 394 864
1 356 152
1 693 640
1 275 808
1 559 759
1 960 1
1 391 882
1 135 456
1 897 683
1 294 349
1 635 402
1 264 189
1 381 791
1 198 380
1 434 988
1 434 703
1 325 925
1 258 451
1 940 177
1 298 132
1 699 114
1 365 959
1 164 699
1 21 609
1 487 272
1 198 962
1 600 108
1 60 635
1 705 774
1 314 350
1 428 689
1 395 671
1 571 916
1 657 551
1 407 383
1 846 126
1 953 772
1 74 228
1 848 464
1 206 596
1 372 555
1 51 169
1 967 146
1 4 756
1 856 395
1 459 520
1 239 320
1 467 198
1 408 135
1 12 777
1 45 219
1 682 557
1 827 767
1 69 34
1 932 948
1 929 756
1 258 418
1 924 979
1 68 154
1 322 645
1 540 820
1 574 375
1 349 449
1 382 499
1 807 30
1 571 416
1 466 738
1 454 308
1 85 813
1 730 735
1 36 615
1 410 539
1 858 622
1 834 540
1 341 5
1 234 924
1 972 267
1 288 336
1 579 859
1 791 406
1 414 795
1 430 211
1 60 199
1 77 14
1 82 209
1 483 689
1 749 227
1 93 752
1 429 686
1 834 235
1 638 983
1 326 774
1 524 975
1 15 989
1 693 845
1 390 51
1 616 951
1 845 317
1 539 440
1 252 672
1 243 181
1 25 103
1 477 923
1 474 811
1 328 776
1 847 821
1 284 827
1 79 589
1 518 444
1 199 674
1 848 746
1 429 934
1 360 455
1 649 969
1 433 507
1 731 267
1 566 364
1 633 555
1 85 599
1 236 659
1 981 449
1 923 480
1 387 14
1 364 25
1 870 978
1 615 276
1 456 420
1 19 326
1 617 310
1 754 812
1 211 520
1 168 32
1 182 494
1 675 794
1 139 750
1 414 617
1 833 692
1 637 341
1 946 101
1 766 935
1 764 492
1 795 38
1 298 506
1 569 370
1 796 544
1 421 596
1 121 219
1 931 819
1 40 915
1 974 115
1 943 68
1 980 700
1 495 978
1 342 445
1 885 65
1 958 813
1 185 462
1 481 421
1 874 547
1 466 574
1 534 376
1 711 941
1 697 319
1 620 931
1 684 130
1 974 124
1 913 16
1 342 29
1 366 450
1 940 441
1 324 362
1 274 234
1 70 94
1 478 449
1 607 622
1 208 689
1 224 200
1 721 364
1 180 18
1 620 492
1 459 963
1 692 453
1 786 132
1 712 508
1 342 980
1 39 154
1 238 248
1 602 785
1 97 151
1 589 352
1 38 31
1 490 972
1 100 204
1 85 496
1 542 744
1 173 85
1 420 155
1 683 918
1 833 419
1 662 99
1 693 867
1 673 112
1 355 518
1 850 717
1 80 637
1 164 376
1 788 153
1 714 637
1 610 209
1 708 347
1 61 81
1 173 844
1 168 61
1 884 368
1 7 759
1 382 178
1 535 292
1 649 304
1 858 6
1 213 19
1 762 694
1 92 547
1 152 82
1 519 440
1 755 135
1 411 378
1 702 784
1 483 987
1 958 858
1 976 870
1 156 544
1 703 801
1 262 186
1 180 729
1 314 174
1 691 616
1 952 917
1 947 240
1 814 733
1 170 48
1 713 44
1 1 801
1 655 659
1 393 147
1 44 622
1 137 338
1 62 465
1 770 771
1 511 568
1 36 332
1 79 549
1 880 921
1 547 483
1 171 306
1 270 308
1 608 623
1 550 584
1 329 36
1 896 382
1 705 550
1 731 834
1 139 371
1 621 845
1 404 983
1 711 522
1 811 104
1 403 291
1 907 18
1 767 514
1 794 7
1 637 527
1 485 135
1 338 99
1 330 610
1 851 248
1 433 677
1 201 669
1 687 741
1 209 619
1 685 870
1 220 313
1 354 487
1 922 798
1 18 217
1 265 38
1 941 48
1 96 867
1 836 576
1 932 669
1 289 537
1 79 207
1 565 514
1 841 313
1 535 919
1 50 863
1 566 145
1 442 327
1 495 710
1 172 789
1 708 554
1 914 481
1 436 627
1 227 136
1 154 44
1 495 439
1 117 629
1 443 715
1 162 428
1 950 924
1 981 369
1 939 571
1 574 851
1 188 183
1 700 824
1 147 486
1 253 198
1 968 475
1 873 671
1 805 892
1 182 762
1 230 348
1 90 847
1 741 269
1 52 908
1 15 188
1 212 952
1 686 320
1 365 130
1 734 101
1 973 499
1 329 364
1 185 176
1 922 39
1 839 90
1 35 318
1 464 692
1 261 797
1 390 878
1 490 841
1 988 95
1 829 990
1 13 133
1 52 356
1 610 276
1 927 246
1 627 231
1 433 897
1 788 735
1 637 937
1 209 360
1 208 234
1 340 958
1 174 822
1 449 616
1 172 258
1 872 871
1 255 957
1 989 782
1 412 5
1 250 186
1 483 833
1 918 327
1 748 302
1 841 328
1 107 441
1 456 20
1 421 172
1 211 757
1 684 616
1 870 589
1 189 302
1 515 169
1 816 376
1 621 233
1 70 539
1 558 494
1 730 329
1 964 887
1 66 973
1 654 426
1 434 651
1 602 835
1 455 946
1 688 759
1 704 944
1 206 714
1 12 416
1 898 539
1 357 873
1 782 377
1 910 750
1 754 789
1 186 352
1 422 209
1 375 164
1 566 188
1 981 770
1 529 46
1 879 285
1 264 589
1 491 34
1 288 380
1 640 337
1 326 227
1 489 803
1 676 570
1 924 19
1 447 940
1 732 775
1 798 445
1 309 374
1 689 221
1 34 300
1 729 41
1 19 204
1 588 219
1 84 799
1 32 847
1 285 431
1 207 372
1 580 53
1 278 225
1 577 684
1 96 738
1 299 648
1 518 524
1 325 553
1 649 515
1 89 401
1 929 27
1 981 450
1 683 660
1 844 98
1 590 508
1 246 655
1 247 820
1 800 59
1 792 841
1 201 664
1 227 249
1 154 40
1 814 357
1 389 483
1 896 663
1 37 416
1 856 936
1 392 983
1 242 832
1 905 338
1 632 402
1 149 402
1 506 861
1 988 21
1 137 24
1 30 94
1 965 410
1 956 973
1 274 821
1 90 470
1 491 787
1 370 809
1 709 984
1 207 459
1 230 322
1 792 90
1 211 364
1 192 502
1 490 509
1 437 758
1 702 920
1 519 200
1 980 619
1 447 553
1 768 951
1 336 964
1 699 14
1 678 967
1 664 894
1 430 103
1 827 392
1 35 649
1 654 753
1 215 106
1 643 133
1 615 390
1 107 916
1 82 661
1 975 597
1 555 500
1 946 840
1 81 890
1 834 936
1 939 970
1 549 459
1 938 663
1 340 732
1 9 456
1 83 856
1 583 407
1 900 388
1 799 204
1 221 523
1 200 505
1 136 178
1 798 494
1 17 434
1 941 948
1 283 31
1 690 89
1 86 701
1 758 745
1 289 348
1 271 315
1 449 176
1 942 586
1 384 942
1 810 124
1 840 306
1 928 49
1 115 373
1 860 606
1 216 124
1 9 332
1 184 738
1 247 758
1 197 63
1 790 843
1 573 582
1 621 603
1 3 791
1 86 73
1 679 112
1 19 908
1 756 462
1 1 986
1 63 939
1 905 284
1 495 438
1 575 909
1 374 326
1 446 849
1 35 717
1 421 801
1 882 840
1 355 72
1 302 541
1 585 684
1 500 104
1 886 96
1 221 186
1 547 748
1 272 404
1 551 738
1 399 568
1 939 631
1 488 695
1 650 298
1 753 806
1 326 296
1 511 360
1 736 275
1 148 636
1 363 510
1 408 803
1 48 465
1 220 481
1 986 276
1 801 655
1 574 489
1 411 218
1 685 635
1 330 608
1 839 330
1 650 80
1 593 228
1 82 793
1 827 855
1 490 574
1 457 524
1 674 798
1 786 539
1 871 547
1 209 180
1 757 175
1 985 56
1 786 453
1 127 78
1 701 167
1 233 64
1 508 482
1 525 840
1 80 892
1 728 751
1 380 457
1 436 291
1 888 716
1 444 232
1 610 52
1 151 831
1 632 83
1 481 478
1 850 667
1 610 213
1 75 959
1 365 480
1 90 931
1 790 186
1 320 559
1 159 118
1 241 901
1 718 156
1 862 926
1 84 784
1 520 847
1 477 767
1 417 132
1 602 853
1 638 35
1 756 295
1 143 183
1 298 703
1 232 190
1 493 527
1 817 481
1 592 457
1 723 329
1 584 236
1 96 933
1 859 958
1 51 150
1 753 52
1 943 149
1 478 116
1 436 114
1 893 631
1 699 633
1 934 530
1 354 506
1 320 128
1 470 506
1 990 503
1 147 276
1 731 748
1 844 200
1 952 467
1 72 335
1 601 404
1 115 534
1 242 759
1 225 330
1 206 942
1 950 325
1 706 649
1 905 929
1 850 131
1 193 225
1 596 495
1 607 185
1 375 751
1 182 592
1 133 902
1 457 219
1 114 151
1 520 291
1 650 753
1 352 185
1 846 678
1 40 259
1 268 944
1 859 827
1 247 466
1 465 778
1 93 58
1 383 512
1 145 357
1 798 61
1 484 948
1 220 917
1 642 502
1 477 930
1 420 27
1 207 768
1 733 453
1 722 251
1 87 46
1 147 491
1 572 819
1 498 948
1 477 125
1 885 507
1 911 756
1 165 260
1 617 697
1 345 235
1 391 624
1 359 636
1 186 975
1 611 754
1 213 753
1 719 401
1 483 526
1 220 80
1 916 308
1 628 747
1 261 915
1 896 126
1 357 6
1 589 926
1 350 361
1 228 741
1 754 546
1 833 216
1 618 573
1 373 34
1 766 308
1 891 450
1 374 950
1 777 123
1 146 898
1 365 372
1 388 95
1 603 770
1 185 674
1 687 449
1 472 851
1 399 1
1 826 514
1 949 862
1 333 807
1 704 579
1 276 57
1 55 287
1 206 359
1 132 526
1 982 543
1 460 804
1 974 442
1 322 922
1 138 197
1 194 87
1 719 340
1 15 981
1 842 242
1 845 156
1 865 234
1 677 783
1 596 739
1 5 529
1 201 746
1 287 772
1 105 980
1 94 472
1 804 487
1 959 707
1 201 536
1 461 824
1 208 581
1 736 789
1 959 328
1 218 3
1 206 810
1 677 354
1 172 902
1 356 310
1 369 39
1 201 164
1 260 913
1 57 275
1 384 632
1 856 145
1 152 936
1 505 840
1 416 837
1 203 646
1 241 891
1 405 814
1 795 675
1 78 274
1 187 87
1 331 336
1 276 802
1 124 482
1 439 838
1 562 843
1 462 681
1 753 418
1 437 824
1 188 968
1 274 177
1 87 238
1 888 164
1 378 710
1 693 300
1 22 253
1 702 929
1 597 333
1 899 610
1 875 221
1 529 847
1 766 199
1 407 820
1 125 724
1 894 230
1 155 174
1 561 680
1 894 133
1 512 808
1 211 406
1 66 192
1 734 720
1 562 343
1 294 801
1 524 646
1 697 661
1 385 175
1 987 391
1 803 682
1 218 357
1 409 907
1 606 471
1 426 801
1 236 25
1 881 364
1 550 605
1 724 478
1 593 911
1 752 256
1 117 581
1 32 125
1 972 725
1 781 546
1 805 927
1 646 611
1 259 296
1 214 156
1 134 400
1 389 117
1 447 636
1 571 851
1 773 951
1 796 666
1 732 806
1 351 190
1 125 454
1 280 223
1 679 193
1 273 756
1 386 87
1 714 526
1 674 475
1 348 403
1 631 590
1 820 69
1 751 715
1 973 575
1 174 180
1 929 909
1 494 982
1 28 510
1 971 608
1 852 957
1 919 588
1 987 481
1 188 671
1 763 986
1 942 588
1 338 347
1 328 846
1 838 740
1 923 357
1 366 124
1 953 708
1 911 930
1 591 981
1 585 268
1 650 528
1 474 439
1 329 756
1 546 576
1 380 892
1 504 665
1 689 299
1 627 329
1 94 354
1 362 98
1 889 82
1 805 486
1 569 757
1 153 834
1 522 235
1 665 37
1 963 204
1 769 332
1 131 849
1 698 965
1 257 152
1 742 458
1 508 246
1 819 831
1 532 970
1 568 967
1 249 476
1 580 151
1 438 922
1 880 326
1 510 560
1 967 169
1 221 582
1 529 572
1 507 193
1 483 336
1 436 620
1 65 354
1 986 386
1 789 496
1 357 312
1 3 385
1 584 208
1 164 16
1 357 120
1 170 234
1 267 914
1 620 852
1 484 378
1 979 288
1 300 86
1 684 863
1 369 623
1 853 82
1 450 537
1 683 39
