995 995
249 640 523 858 317 953 523 523 561 687 84 528 723 261 656 502 714 471 188 338 872 80 890 63 20 873 791 223 975 791 691 701 799 691 27 733 945 871 264 701 810 650 691 942 561 523 264 36 784 700 667 105 41 485 42 650 911 227 599 111 36 561 873 580 488 704 943 313 716 195 313 503 480 553 42 850 244 561 133 723 744 111 477 173 947 111 428 580 523 195 599 836 188 666 352 463 413 90 227 561 523 687 306 890 100 733 588 911 485 971 692 704 456 174 472 54 523 690 98 523 42 509 836 799 943 723 690 952 726 111 144 173 323 45 975 377 791 599 62 236 523 575 264 890 942 375 501 797 501 575 692 781 451 32 330 897 412 527 306 111 947 799 690 468 558 614 723 90 282 561 322 306 111 306 111 560 20 313 192 456 759 364 306 975 100 252 322 471 561 404 755 858 561 773 846 947 41 781 899 378 767 499 20 306 911 111 414 351 218 975 416 791 931 867 820 392 839 499 176 981 984 92 249 690 561 371 561 924 315 161 29 77 723 364 855 388 799 174 523 625 321 27 799 63 179 858 90 704 749 364 90 257 561 463 561 36 377 258 800 593 48 388 926 377 942 246 856 561 262 799 424 931 218 952 370 861 442 926 907 558 174 942 585 561 561 63 442 320 978 68 665 868 544 257 376 704 36 104 527 701 858 250 726 920 105 338 121 412 192 195 338 823 442 748 523 227 873 799 264 561 523 693 499 499 36 607 198 561 250 111 468 547 227 561 981 36 111 981 236 186 351 432 921 204 561 911 800 25 249 314 306 726 625 297 90 561 331 20 704 873 761 850 922 943 690 111 693 561 144 561 561 492 561 313 561 799 223 931 599 942 717 735 200 41 561 456 884 561 217 428 561 412 787 513 942 839 176 45 351 748 424 320 27 311 638 9 174 561 282 511 704 701 42 351 799 100 942 984 561 799 929 176 351 412 375 208 561 520 456 704 704 943 543 561 192 774 853 155 412 580 235 351 709 638 963 704 338 561 261 761 920 748 791 84 726 514 561 531 791 947 196 599 853 650 553 111 704 561 270 195 851 561 656 282 394 186 671 861 683 943 593 192 704 264 561 27 105 698 416 981 423 676 208 103 654 42 82 791 561 560 726 90 523 323 709 561 471 580 981 32 513 793 84 945 499 9 176 625 830 499 706 389 690 680 264 456 249 947 305 499 412 68 650 714 791 650 976 693 41 799 282 723 784 791 235 82 523 867 90 252 890 797 139 93 471 271 799 561 675 791 589 873 28 477 479 931 704 351 561 665 952 412 249 404 499 403 499 456 799 60 726 271 63 561 882 20 499 331 323 714 442 282 561 192 679 105 26 561 297 947 282 413 80 179 322 839 176 547 596 213 90 656 714 41 482 558 77 414 840 666 561 704 306 856 820 351 929 734 632 495 599 334 523 103 186 836 20 273 331 412 210 851 32 690 376 561 561 412 748 261 561 523 252 516 4 717 911 463 468 394 793 976 358 735 723 282 723 561 792 561 424 625 792 48 942 690 66 735 924 499 208 197 244 773 717 680 561 799 176 560 931 208 714 799 840 70 497 424 511 485 84 206 392 707 412 9 799 90 981 452 902 523 868 306 800 499 704 981 192 192 42 733 132 991 313 704 808 853 947 723 693 412 561 704 745 735 947 625 773 693 313 394 186 523 742 142 499 593 767 252 561 111 911 839 210 561 36 561 351 723 305 830 196 601 665 808 472 252 575 709 561 650 294 601 90 20 91 883 761 692 939 351 326 236 416 683 911 656 583 41 271 111 561 799 641 587 179 282 553 416 90 499 176 607 463 561 364 810 98 890 723 351 424 625 652 392 984 861 376 650 351 90 514 709 577 111 351 27 599 583 747 499 204 561 271 906 144 704 482 971 840 650 179 799 91 799 389 799 463 726 176 330 666 129 313 654 593 583 311 561 189 742 953 499 338 773 984 523 920 858 971 975 607 523 704 492 351 132 561 926 36 367 947 351 249 981 111 367 791 36 690 706 911 594 351 709 304 306 412 499 392 66 830 700 553 704 25 412 186 992 920 84 817 90 561 926 947 650 523 297 66 981 693 561 77 675 920 676 351 650 348 523 84 982 947 947 353 111 813 650 520 561 561 523 441 155 499 264 463 468 502 691 942 294 155 580 497 931 66 670 421 244 561 452 541 558 594 587 882 93 640 868 735 297 650 891 351 144 338 561 421 723 727 313 324 975 561 599 561 691 305 805 861 969 942
338 339
337 336
365 364
546 545
433 432
179 180
1 2
357 358
460 461
704 703
248 249
861 862
722 723
274 275
364 363
13 12
814 813
980 979
166 167
831 830
631 632
381 380
172 173
436 437
349 348
193 194
199 200
921 920
982 983
88 87
340 341
26 27
227 226
576 575
256 257
770 769
772 773
543 542
42 43
210 209
333 334
358 359
593 592
287 286
241 240
688 687
22 23
34 33
603 602
599 598
561 562
798 799
738 737
488 487
268 269
359 360
323 322
270 269
482 483
664 665
98 97
755 754
990 989
780 779
549 548
60 59
815 814
438 439
876 875
174 175
961 960
71 72
906 905
662 661
83 82
558 559
886 885
795 796
560 561
21 22
233 234
41 40
346 345
225 226
957 958
678 679
736 735
694 695
249 250
554 555
690 689
232 233
590 589
190 191
618 619
783 782
231 232
422 423
324 323
883 884
202 203
469 468
550 551
479 480
457 456
648 649
384 383
737 736
491 490
588 587
395 396
596 597
108 107
587 586
14 13
959 960
715 716
163 164
10 9
74 75
617 616
829 830
943 942
681 680
680 679
911 910
84 85
666 667
254 255
427 428
411 410
474 473
627 628
476 477
268 267
198 199
857 856
947 946
347 348
16 15
278 277
236 237
713 714
295 296
605 606
666 665
744 743
902 901
5 6
316 317
95 96
929 930
207 206
639 638
151 150
986 985
188 187
891 892
314 315
850 851
262 261
492 493
494 493
144 145
23 24
776 775
344 343
579 580
962 961
423 424
205 204
947 948
215 214
197 198
454 453
590 591
218 219
940 939
139 138
729 728
576 577
732 733
492 491
553 554
86 87
398 397
876 877
392 393
926 927
914 913
990 991
525 526
182 181
991 992
964 963
810 811
192 193
610 609
860 859
613 614
697 698
382 381
883 882
893 892
446 445
752 751
352 353
923 924
414 415
712 713
672 671
853 852
881 882
394 393
260 259
71 70
259 258
98 99
709 708
565 566
802 801
902 903
800 799
376 375
347 346
221 220
186 187
127 128
378 377
270 271
422 421
564 565
915 914
103 104
654 655
166 165
300 301
820 821
842 843
280 279
859 858
142 143
535 536
389 390
116 117
938 939
124 123
727 728
3 2
202 201
699 698
440 439
827 828
485 484
42 41
768 769
568 567
496 497
790 789
385 384
841 842
504 503
452 451
884 885
677 678
919 920
644 645
44 45
156 155
889 888
403 404
430 431
103 102
760 759
596 595
89 90
224 225
768 767
360 361
155 154
432 431
416 417
401 400
475 476
321 320
760 761
392 391
310 309
724 723
73 72
349 350
675 676
481 482
951 952
957 956
332 331
647 646
188 189
896 897
815 816
496 495
301 302
629 628
118 117
51 52
290 289
514 515
50 51
124 125
834 833
962 963
57 58
706 705
285 286
970 971
65 64
133 132
37 38
481 480
559 560
951 950
672 673
789 788
500 501
542 541
555 556
14 15
440 441
69 68
714 715
759 758
112 111
819 818
465 464
29 28
967 968
575 574
668 667
5 4
974 975
521 520
634 635
623 624
795 794
387 388
703 702
995 994
897 898
136 137
958 959
171 170
292 293
309 308
916 917
527 526
762 763
748 747
868 867
933 932
416 415
140 141
972 971
443 444
441 442
726 725
378 379
464 463
283 282
168 169
434 435
449 448
671 670
523 522
458 459
788 787
457 458
446 447
413 414
238 239
754 753
468 467
726 727
380 379
888 887
978 977
767 766
216 217
850 849
48 47
114 115
563 564
806 807
615 616
524 523
168 167
497 498
368 369
46 47
184 183
159 160
746 745
849 848
790 791
127 126
178 179
921 922
352 351
229 228
700 699
686 687
817 816
732 731
604 603
142 141
534 535
99 100
800 801
583 582
744 745
508 509
39 38
847 846
409 410
922 923
277 276
78 79
355 356
657 656
82 81
964 965
219 220
609 608
263 264
212 211
299 300
856 855
604 605
889 890
490 489
989 988
979 978
93 92
872 871
510 509
385 386
447 448
327 328
771 770
253 252
435 436
510 511
285 284
291 292
56 55
424 425
322 321
880 879
357 356
741 740
592 591
407 408
651 652
411 412
742 741
94 95
659 658
682 681
377 376
234 235
261 260
20 19
65 66
121 122
177 178
533 534
513 512
840 839
569 570
409 408
638 637
702 701
20 21
333 332
601 602
32 31
91 90
647 648
731 730
684 683
918 919
905 904
611 610
136 135
783 784
320 319
137 138
344 345
562 563
7 6
871 870
773 774
954 953
521 522
274 273
465 466
539 540
808 807
236 235
366 365
17 16
829 828
654 653
282 281
208 209
241 242
766 765
908 909
280 281
313 312
3 4
311 310
373 372
583 584
412 413
213 212
305 304
214 213
836 837
784 785
765 764
438 437
772 771
69 70
635 636
949 950
61 60
812 811
461 462
146 145
158 157
319 318
900 901
651 650
934 933
848 847
852 851
929 928
243 244
239 240
777 776
529 528
405 406
426 425
525 524
809 808
102 101
149 148
62 63
669 668
940 941
690 691
623 622
80 81
272 271
262 263
107 106
600 601
8 7
18 17
519 520
631 630
389 388
245 244
382 383
824 823
711 710
43 44
670 669
386 387
571 570
427 426
758 757
812 813
89 88
869 868
470 469
133 134
539 538
162 163
936 937
486 487
258 257
700 701
781 780
626 627
467 466
880 881
152 151
984 983
973 974
571 572
864 865
398 399
867 866
430 429
793 794
443 442
203 204
620 621
598 597
809 810
537 538
489 488
519 518
777 778
994 993
407 406
553 552
11 10
840 841
266 267
328 329
896 895
820 819
804 805
992 993
66 67
129 128
34 35
612 613
146 147
54 53
306 305
114 113
620 619
506 505
112 113
945 946
549 550
634 633
246 247
223 222
927 928
250 251
264 265
636 637
362 363
147 148
917 918
330 331
719 720
935 936
238 237
786 787
30 31
593 594
211 210
68 67
316 315
91 92
86 85
56 57
676 677
456 455
419 418
879 878
862 863
695 696
925 926
675 674
254 253
735 734
275 276
655 656
966 967
749 748
343 342
420 419
245 246
985 984
834 835
130 129
158 159
899 900
373 374
685 684
196 195
532 533
837 838
782 781
630 629
75 76
478 477
55 54
313 314
600 599
299 298
908 907
354 355
350 351
903 904
108 109
79 80
486 485
191 192
686 685
612 611
450 451
295 294
498 499
176 177
825 826
25 24
707 706
694 693
663 664
863 864
641 640
290 291
418 417
568 569
657 658
802 803
32 33
329 330
372 371
642 643
58 59
845 846
640 639
836 835
586 585
327 326
625 626
479 478
29 30
311 312
421 420
798 797
824 825
399 400
932 931
899 898
649 650
502 501
976 975
826 827
645 646
156 157
19 18
724 725
375 374
83 84
607 606
739 740
161 162
756 757
532 531
308 307
120 119
931 930
366 367
338 337
176 175
653 652
318 317
335 336
455 454
256 255
140 139
25 26
581 582
793 792
907 906
716 717
197 196
743 742
855 854
495 494
948 949
429 428
527 528
52 53
752 753
705 704
472 471
739 738
536 537
925 924
556 557
755 756
696 697
12 11
247 248
180 181
64 63
838 839
529 530
97 96
785 786
265 266
567 566
201 200
980 981
633 632
118 119
109 110
144 143
893 894
169 170
183 182
122 123
502 503
36 37
682 683
449 450
397 396
912 913
473 472
818 817
719 718
470 471
507 508
49 48
370 369
791 792
952 953
149 150
297 296
39 40
844 843
283 284
152 153
895 894
982 981
115 116
131 130
402 403
870 869
692 693
746 747
944 943
844 845
36 35
8 9
858 857
361 362
131 132
643 644
540 541
224 223
618 617
222 221
607 608
955 954
228 227
722 721
120 121
707 708
775 774
547 548
390 391
803 804
661 660
944 945
93 94
573 572
325 326
483 484
866 865
711 712
751 750
710 709
873 872
806 805
49 50
779 778
987 988
324 325
877 878
581 580
278 279
890 891
231 230
832 831
910 909
105 104
45 46
303 304
164 165
272 273
195 194
463 462
287 288
934 935
506 507
589 588
717 718
763 764
517 518
915 916
216 215
673 674
860 861
642 641
394 395
161 160
460 459
552 551
729 730
189 190
62 61
595 594
339 340
938 937
557 558
577 578
405 404
887 886
970 969
976 977
511 512
986 987
134 135
434 433
74 73
367 368
544 545
401 402
154 153
823 822
622 621
335 334
106 105
573 574
517 516
452 453
444 445
625 624
689 688
662 663
185 186
547 546
242 243
78 77
733 734
750 749
293 294
691 692
585 584
77 76
217 218
762 761
288 289
875 874
822 821
474 475
578 579
504 505
854 853
543 544
28 27
126 125
297 298
111 110
796 797
353 354
911 912
185 184
955 956
515 516
341 342
873 874
101 100
832 833
513 514
207 208
614 615
965 966
252 251
660 659
302 303
205 206
371 370
969 968
307 306
500 499
229 230
941 942
174 173
972 973
530 531
172 171
720 721
1 848 620
1 366 745
1 231 301
1 430 352
1 408 900
1 628 520
1 747 616
1 91 961
1 759 586
1 964 648
1 588 246
1 314 395
1 614 581
1 942 778
1 846 42
1 371 708
1 963 98
1 928 439
1 518 934
1 148 320
1 393 806
1 764 126
1 326 829
1 108 722
1 149 71
1 833 823
1 907 167
1 350 257
1 265 437
1 584 357
1 371 245
1 496 697
1 307 467
1 33 805
1 103 118
1 903 253
1 74 735
1 330 212
1 743 570
1 104 450
1 348 455
1 49 828
1 492 947
1 302 396
1 396 947
1 648 629
1 364 126
1 552 552
1 126 309
1 552 331
1 11 914
1 816 872
1 744 307
1 144 49
1 72 817
1 678 670
1 803 407
1 336 217
1 644 356
1 975 219
1 870 185
1 746 498
1 34 836
1 82 671
1 876 783
1 527 273
1 934 409
1 132 909
1 488 941
1 683 104
1 845 813
1 347 514
1 165 13
1 812 254
1 576 639
1 848 100
1 262 215
1 152 137
1 97 394
1 177 299
1 989 138
1 485 868
1 497 308
1 750 799
1 393 353
1 469 760
1 683 698
1 796 551
1 194 535
1 470 984
1 607 125
1 456 87
1 740 395
1 543 845
1 873 115
1 637 956
1 316 632
1 866 568
1 405 633
1 393 771
1 494 90
1 580 398
1 952 172
1 801 442
1 892 444
1 830 838
1 466 682
1 15 191
1 647 473
1 422 948
1 489 897
1 886 411
1 40 357
1 481 71
1 924 282
1 743 369
1 430 98
1 597 118
1 74 9
1 26 304
1 899 968
1 291 136
1 625 856
1 672 536
1 953 22
1 327 376
1 401 564
1 518 222
1 526 866
1 829 167
1 802 862
1 937 54
1 774 132
1 315 226
1 313 778
1 688 263
1 233 490
1 431 129
1 301 341
1 468 626
1 334 914
1 387 65
1 496 501
1 698 566
1 480 307
1 719 978
1 214 980
1 319 387
1 659 312
1 266 762
1 162 4
1 226 71
1 726 33
1 273 768
1 556 823
1 539 194
1 523 230
1 910 497
1 203 200
1 941 203
1 944 650
1 991 435
1 28 606
1 773 255
1 600 601
1 770 408
1 4 934
1 478 655
1 654 694
1 833 373
1 487 295
1 898 400
1 508 685
1 739 699
1 344 986
1 729 833
1 667 200
1 327 89
1 2 842
1 352 824
1 646 729
1 27 582
1 711 430
1 415 306
1 405 931
1 219 165
1 418 146
1 483 130
1 329 568
1 135 664
1 863 597
1 449 993
1 878 296
1 166 83
1 101 609
1 243 438
1 388 22
1 494 250
1 43 781
1 706 319
1 284 207
1 281 741
1 553 283
1 635 535
1 226 207
1 663 259
1 661 507
1 911 176
1 673 305
1 991 763
1 203 336
1 920 772
1 207 637
1 741 362
1 924 229
1 165 197
1 671 360
1 846 911
1 156 936
1 918 32
1 235 781
1 983 842
1 602 141
1 963 16
1 174 502
1 347 218
1 706 573
1 621 616
1 562 529
1 570 119
1 355 699
1 178 464
1 296 152
1 311 24
1 812 613
1 11 135
1 583 817
1 203 178
1 708 362
1 826 701
1 507 939
1 970 417
1 103 877
1 103 943
1 715 930
1 850 119
1 648 625
1 825 842
1 169 662
1 869 24
1 813 951
1 234 219
1 92 636
1 16 354
1 945 381
1 45 202
1 670 9
1 493 399
1 136 991
1 160 277
1 115 366
1 333 961
1 968 512
1 326 143
1 684 894
1 862 346
1 870 625
1 273 555
1 245 292
1 499 197
1 864 948
1 807 520
1 300 303
1 442 176
1 340 65
1 663 875
1 269 734
1 800 245
1 97 248
1 270 363
1 222 638
1 719 8
1 26 706
1 201 358
1 242 312
1 121 927
1 832 412
1 81 744
1 305 354
1 644 185
1 286 514
1 271 688
1 953 674
1 315 959
1 603 667
1 511 715
1 900 407
1 648 344
1 6 109
1 167 918
1 680 7
1 373 313
1 51 318
1 986 326
1 657 534
1 354 983
1 737 535
1 86 918
1 171 386
1 93 135
1 100 528
1 389 188
1 683 118
1 13 977
1 546 160
1 511 894
1 50 172
1 945 326
1 335 133
1 447 917
1 951 872
1 143 489
1 237 478
1 195 494
1 354 500
1 252 145
1 401 142
1 703 853
1 812 677
1 710 648
1 564 712
1 57 851
1 512 384
1 10 576
1 510 803
1 654 535
1 772 777
1 630 74
1 288 314
1 936 843
1 629 823
1 461 758
1 821 812
1 401 84
1 186 545
1 720 341
1 502 366
1 552 790
1 842 899
1 690 825
1 517 442
1 257 645
1 73 881
1 134 611
1 678 373
1 1 621
1 366 504
1 137 163
1 41 429
1 842 959
1 288 457
1 909 537
1 771 82
1 386 448
1 735 220
1 337 176
1 840 852
1 980 16
1 390 703
1 353 265
1 786 515
1 304 264
1 385 246
1 833 301
1 34 488
1 209 312
1 43 159
1 35 325
1 738 628
1 7 970
1 498 118
1 739 547
1 984 867
1 266 962
1 754 424
1 70 621
1 206 137
1 507 492
1 139 808
1 91 518
1 208 580
1 731 409
1 602 541
1 568 39
1 992 370
1 594 710
1 730 264
1 203 855
1 15 486
1 532 830
1 93 186
1 478 39
1 995 607
1 39 145
1 385 967
1 99 506
1 363 115
1 199 877
1 684 179
1 519 592
1 704 76
1 719 740
1 330 167
1 451 172
1 400 722
1 905 250
1 1 349
1 878 182
1 38 194
1 606 244
1 682 803
1 426 459
1 569 592
1 717 725
1 421 896
1 647 433
1 995 46
1 158 992
1 352 170
1 595 981
1 379 342
1 837 361
1 434 102
1 140 150
1 18 648
1 427 550
1 472 338
1 469 104
1 615 747
1 600 433
1 919 701
1 261 632
1 362 965
1 488 848
1 117 452
1 643 454
1 981 107
1 66 708
1 813 495
1 227 610
1 927 302
1 540 372
1 509 260
1 361 582
1 789 25
1 247 480
1 330 343
1 43 678
1 514 463
1 129 863
1 407 821
1 778 702
1 42 820
1 600 304
1 601 253
1 62 342
1 405 55
1 87 725
1 527 488
1 371 23
1 196 801
1 874 493
1 698 723
1 978 444
1 236 524
1 554 375
1 608 450
1 337 877
1 801 305
1 823 269
1 629 339
1 103 814
1 825 77
1 250 330
1 751 187
1 130 645
1 579 147
1 437 29
1 741 970
1 987 470
1 330 317
1 148 359
1 201 256
1 530 850
1 717 432
1 343 248
1 466 595
1 472 553
1 446 848
1 916 902
1 214 783
1 550 275
1 805 863
1 637 263
1 73 908
1 297 335
1 891 841
1 426 908
1 278 416
1 161 641
1 943 835
1 222 362
1 90 14
1 352 862
1 264 226
1 576 306
1 398 728
1 310 598
1 725 939
1 348 731
1 187 442
1 525 321
1 539 772
1 382 15
1 584 888
1 889 816
1 621 22
1 201 118
1 144 617
1 874 397
1 298 315
1 618 180
1 395 266
1 386 442
1 255 923
1 75 672
1 96 951
1 191 655
1 807 645
1 208 342
1 499 386
1 678 593
1 944 307
1 367 558
1 294 173
1 942 370
1 897 438
1 533 108
1 160 1
1 478 986
1 864 855
1 438 26
1 744 810
1 284 946
1 456 473
1 802 254
1 221 86
1 328 14
1 305 109
1 296 38
1 155 129
1 181 718
1 967 989
1 894 214
1 371 776
1 601 637
1 687 421
1 677 83
1 786 278
1 823 586
1 928 400
1 650 58
1 644 131
1 834 948
1 614 34
1 255 571
1 675 868
1 758 413
1 17 263
1 603 395
1 979 844
1 41 407
1 149 150
1 78 859
1 88 449
1 635 386
1 507 946
1 897 180
1 164 90
1 535 785
1 384 289
1 790 721
1 917 785
1 780 496
1 210 46
1 595 186
1 523 580
1 702 631
1 768 421
1 557 205
1 822 590
1 548 959
1 314 327
1 809 838
1 831 431
1 21 88
1 601 403
1 213 207
1 634 906
1 838 751
1 409 136
1 349 875
1 675 414
1 517 846
1 924 45
1 989 425
1 396 404
1 579 906
1 467 72
1 222 29
1 334 495
1 214 811
1 604 633
1 432 768
1 476 717
1 900 501
1 285 282
1 195 641
1 267 240
1 272 426
1 766 431
1 559 844
1 173 611
1 941 35
1 639 947
1 121 769
1 402 585
1 24 773
1 263 544
1 665 782
1 100 223
1 944 992
1 559 957
1 570 530
1 498 534
1 272 18
1 833 355
1 610 4
1 158 797
1 916 861
1 120 155
1 94 238
1 55 832
1 561 604
1 99 321
1 93 676
1 447 133
1 427 964
1 206 823
1 48 921
1 203 689
1 417 557
1 253 349
1 857 700
1 182 580
1 835 980
1 944 610
1 889 100
1 716 176
1 619 386
1 312 494
1 868 722
1 199 47
1 875 399
1 459 315
1 443 307
1 34 390
1 133 897
1 285 812
1 648 932
1 123 104
1 844 474
1 868 264
1 248 284
1 539 165
1 822 205
1 217 60
1 95 859
1 906 557
1 842 947
1 945 937
1 423 243
1 664 417
1 947 766
1 94 972
1 275 664
1 334 752
1 198 897
1 754 134
1 682 650
1 600 795
1 842 67
1 241 160
1 983 102
1 959 268
1 604 973
1 361 509
1 239 238
1 372 84
1 26 812
1 797 391
1 864 914
1 5 842
1 84 438
1 328 958
1 305 575
1 813 444
1 55 646
1 115 50
1 903 184
1 298 976
1 217 377
1 40 596
1 478 61
1 440 485
1 991 872
1 416 845
1 66 183
1 115 755
1 298 680
1 255 607
1 631 336
1 232 928
1 269 484
1 753 122
1 629 88
1 479 336
1 638 378
1 397 474
1 58 662
1 665 735
1 5 133
1 910 696
1 398 303
1 496 388
1 561 865
1 873 343
1 255 214
1 705 150
1 349 177
1 88 479
1 197 41
1 892 210
1 176 610
1 563 260
1 410 685
1 752 697
1 965 193
1 96 303
1 273 786
1 728 355
1 768 542
1 977 734
1 568 816
1 827 301
1 493 258
1 195 775
1 364 151
1 643 799
1 433 115
1 765 798
1 311 549
1 26 497
1 842 294
1 124 290
1 381 826
1 137 752
1 287 435
1 67 88
1 181 808
1 955 805
1 509 511
1 982 985
1 257 423
1 547 405
1 354 218
1 110 524
1 545 978
1 609 800
1 421 269
1 207 148
1 717 767
1 707 702
1 111 640
1 515 423
1 732 307
1 238 547
1 197 901
1 2 545
1 247 233
1 371 78
1 143 877
1 844 172
1 465 424
1 865 933
1 176 970
1 699 365
1 604 842
1 131 867
1 340 483
1 417 495
1 275 714
1 446 654
1 847 259
1 784 992
1 759 226
1 128 168
1 946 348
1 818 701
1 282 60
1 776 660
1 471 613
1 106 731
1 364 652
1 360 42
1 562 296
1 730 702
1 59 788
1 759 483
1 818 285
1 459 426
1 77 937
1 784 751
1 440 987
1 458 56
1 753 880
1 436 473
1 229 170
1 711 812
1 973 259
1 380 981
1 322 466
1 77 422
1 45 483
1 77 884
1 956 650
1 433 978
1 579 21
1 373 118
1 631 949
1 593 585
1 41 679
1 439 826
1 921 761
1 786 141
1 441 951
1 423 523
1 420 507
1 514 720
1 445 648
1 34 530
1 689 791
1 519 379
1 284 19
1 402 676
1 357 413
1 856 65
1 344 150
1 68 813
1 692 853
1 226 505
1 22 726
1 400 16
1 395 715
1 75 345
1 465 737
1 529 574
1 678 833
1 472 493
1 329 667
1 810 290
1 541 918
1 556 244
1 252 88
1 596 170
1 314 675
1 887 496
1 701 176
1 199 177
1 842 246
1 137 11
1 36 973
1 280 962
1 344 331
1 513 95
1 170 929
1 642 213
1 794 3
1 971 471
1 221 415
1 208 664
1 185 705
1 128 314
1 459 432
1 553 802
1 486 772
1 676 37
1 678 189
1 153 24
1 544 56
1 213 930
1 917 922
1 213 927
1 644 215
1 427 819
1 203 918
1 217 167
1 382 58
1 405 742
1 461 383
1 372 244
1 276 312
1 207 541
1 421 875
1 222 695
1 144 50
1 310 885
1 367 405
1 90 579
1 472 906
1 715 782
1 8 846
1 526 832
1 405 984
1 82 785
1 131 17
1 20 423
1 401 28
1 956 14
1 867 381
1 630 191
1 480 372
1 294 828
1 282 472
1 48 513
1 64 776
1 464 163
1 491 855
1 481 896
1 861 31
1 33 609
1 404 907
1 213 195
1 661 7
1 179 201
1 931 476
1 75 858
1 930 264
1 807 24
1 814 740
1 427 308
1 339 506
1 533 165
1 539 94
1 717 304
1 197 539
1 37 838
1 300 604
1 301 838
1 45 556
1 329 94
1 811 683
1 975 657
1 50 843
1 354 672
1 892 656
1 711 575
1 320 546
1 162 450
1 694 120
1 765 625
1 452 562
1 90 814
1 909 603
1 586 908
1 246 933
1 798 160
1 348 395
1 774 907
1 893 723
1 523 561
1 66 727
1 880 685
1 487 623
1 399 611
